DATE;TIME;PROB_NAME;TRIAL_NO;BEST;ELAPSED;LF_STRATEGY;NO_TRIALS;MHFE;LF_COST;HF_COST
12-Jul-2021;16:49:16;LV_f12_MF;1;-2.861459;1594.04;1;30;100;1;20
12-Jul-2021;17:14:42;LV_f12_MF;2;-4.512351;1526.72;1;30;100;1;20
12-Jul-2021;17:34:47;LV_f12_MF;3;-2.613954;1204.76;1;30;100;1;20
12-Jul-2021;17:58:34;LV_f12_MF;4;-2.746199;1426.54;1;30;100;1;20
12-Jul-2021;18:22:59;LV_f12_MF;5;-4.716039;1465.49;1;30;100;1;20
12-Jul-2021;18:45:15;LV_f12_MF;6;-2.213892;1336.27;1;30;100;1;20
12-Jul-2021;19:09:32;LV_f12_MF;7;-3.203434;1456.28;1;30;100;1;20
12-Jul-2021;19:40:25;LV_f12_MF;8;-3.881717;1853.60;1;30;100;1;20
12-Jul-2021;20:09:45;LV_f12_MF;9;-3.254715;1759.94;1;30;100;1;20
12-Jul-2021;20:29:49;LV_f12_MF;10;-3.460898;1204.13;1;30;100;1;20
12-Jul-2021;21:01:37;LV_f12_MF;11;-8.009997;1907.51;1;30;100;1;20
12-Jul-2021;21:24:41;LV_f12_MF;12;-5.031449;1383.97;1;30;100;1;20
12-Jul-2021;21:47:06;LV_f12_MF;13;-3.640025;1344.75;1;30;100;1;20
12-Jul-2021;22:07:16;LV_f12_MF;14;-1.783730;1210.42;1;30;100;1;20
12-Jul-2021;22:31:07;LV_f12_MF;15;-3.151076;1430.62;1;30;100;1;20
12-Jul-2021;23:01:18;LV_f12_MF;16;-4.744067;1810.76;1;30;100;1;20
12-Jul-2021;23:21:09;LV_f12_MF;17;-2.581161;1190.89;1;30;100;1;20
12-Jul-2021;23:46:55;LV_f12_MF;18;-2.786830;1546.20;1;30;100;1;20
13-Jul-2021;00:14:43;LV_f12_MF;19;-4.505377;1668.42;1;30;100;1;20
13-Jul-2021;00:39:03;LV_f12_MF;20;-2.537903;1459.75;1;30;100;1;20
13-Jul-2021;01:02:51;LV_f12_MF;21;-2.965830;1428.35;1;30;100;1;20
13-Jul-2021;01:28:31;LV_f12_MF;22;-2.861963;1539.56;1;30;100;1;20
13-Jul-2021;01:52:07;LV_f12_MF;23;-2.406682;1416.08;1;30;100;1;20
13-Jul-2021;02:16:23;LV_f12_MF;24;-4.884901;1455.50;1;30;100;1;20
13-Jul-2021;02:37:19;LV_f12_MF;25;-1.602158;1256.21;1;30;100;1;20
13-Jul-2021;02:57:58;LV_f12_MF;26;-1.249830;1239.16;1;30;100;1;20
13-Jul-2021;03:24:59;LV_f12_MF;27;-4.073521;1621.33;1;30;100;1;20
13-Jul-2021;03:43:10;LV_f12_MF;28;-3.401317;1090.67;1;30;100;1;20
13-Jul-2021;04:05:17;LV_f12_MF;29;-3.496336;1326.65;1;30;100;1;20
13-Jul-2021;04:26:19;LV_f12_MF;30;-4.022361;1262.83;1;30;100;1;20
13-Jul-2021;04:44:18;LV_f13_MF;1;2.815564;1078.33;1;30;100;1;20
13-Jul-2021;05:02:53;LV_f13_MF;2;1.399131;1114.64;1;30;100;1;20
13-Jul-2021;05:19:10;LV_f13_MF;3;1.741552;977.16;1;30;100;1;20
13-Jul-2021;05:33:53;LV_f13_MF;4;0.820827;883.20;1;30;100;1;20
13-Jul-2021;05:47:34;LV_f13_MF;5;6.043254;821.00;1;30;100;1;20
13-Jul-2021;06:02:23;LV_f13_MF;6;7.056419;888.98;1;30;100;1;20
13-Jul-2021;06:17:51;LV_f13_MF;7;0.321297;927.69;1;30;100;1;20
13-Jul-2021;06:33:11;LV_f13_MF;8;6.937154;920.17;1;30;100;1;20
13-Jul-2021;06:48:21;LV_f13_MF;9;0.800301;909.77;1;30;100;1;20
13-Jul-2021;07:03:11;LV_f13_MF;10;6.090876;890.07;1;30;100;1;20
13-Jul-2021;07:17:56;LV_f13_MF;11;1.389811;885.66;1;30;100;1;20
13-Jul-2021;07:32:04;LV_f13_MF;12;0.276599;848.03;1;30;100;1;20
13-Jul-2021;07:44:50;LV_f13_MF;13;5.765545;765.26;1;30;100;1;20
13-Jul-2021;07:57:52;LV_f13_MF;14;3.077185;782.91;1;30;100;1;20
13-Jul-2021;08:08:53;LV_f13_MF;15;16.919323;660.19;1;30;100;1;20
13-Jul-2021;08:20:11;LV_f13_MF;16;0.803713;678.25;1;30;100;1;20
13-Jul-2021;08:32:50;LV_f13_MF;17;3.192739;759.47;1;30;100;1;20
13-Jul-2021;08:40:53;LV_f13_MF;18;11.371204;482.21;1;30;100;1;20
13-Jul-2021;08:51:26;LV_f13_MF;19;0.711626;633.73;1;30;100;1;20
13-Jul-2021;09:02:25;LV_f13_MF;20;8.684907;658.75;1;30;100;1;20
13-Jul-2021;09:12:28;LV_f13_MF;21;6.964114;603.15;1;30;100;1;20
13-Jul-2021;09:25:11;LV_f13_MF;22;0.748092;762.41;1;30;100;1;20
13-Jul-2021;09:35:19;LV_f13_MF;23;4.782505;608.51;1;30;100;1;20
13-Jul-2021;09:44:06;LV_f13_MF;24;2.105708;527.07;1;30;100;1;20
13-Jul-2021;09:55:16;LV_f13_MF;25;3.827944;669.32;1;30;100;1;20
13-Jul-2021;10:07:33;LV_f13_MF;26;1.109357;737.28;1;30;100;1;20
13-Jul-2021;10:17:13;LV_f13_MF;27;2.444781;579.68;1;30;100;1;20
13-Jul-2021;10:26:56;LV_f13_MF;28;16.504704;583.28;1;30;100;1;20
13-Jul-2021;10:38:04;LV_f13_MF;29;18.714227;668.04;1;30;100;1;20
13-Jul-2021;10:49:04;LV_f13_MF;30;1.303876;659.68;1;30;100;1;20
13-Jul-2021;11:06:34;LV_f14_MF;1;0.272217;1050.02;1;30;100;1;20
13-Jul-2021;11:25:17;LV_f14_MF;2;0.257802;1123.07;1;30;100;1;20
13-Jul-2021;11:43:11;LV_f14_MF;3;0.255409;1074.13;1;30;100;1;20
13-Jul-2021;12:01:30;LV_f14_MF;4;0.253882;1098.70;1;30;100;1;20
13-Jul-2021;12:19:24;LV_f14_MF;5;0.262714;1073.96;1;30;100;1;20
13-Jul-2021;12:34:10;LV_f14_MF;6;0.265557;886.02;1;30;100;1;20
13-Jul-2021;12:50:05;LV_f14_MF;7;0.266879;955.55;1;30;100;1;20
13-Jul-2021;13:06:39;LV_f14_MF;8;0.261007;993.52;1;30;100;1;20
13-Jul-2021;13:25:02;LV_f14_MF;9;0.266055;1103.50;1;30;100;1;20
13-Jul-2021;13:36:47;LV_f14_MF;10;0.257459;705.11;1;30;100;1;20
13-Jul-2021;13:54:20;LV_f14_MF;11;0.257436;1052.61;1;30;100;1;20
13-Jul-2021;14:08:03;LV_f14_MF;12;0.253388;822.78;1;30;100;1;20
13-Jul-2021;14:24:34;LV_f14_MF;13;0.260420;991.09;1;30;100;1;20
13-Jul-2021;14:39:29;LV_f14_MF;14;0.263132;895.26;1;30;100;1;20
13-Jul-2021;14:54:21;LV_f14_MF;15;0.264076;891.52;1;30;100;1;20
13-Jul-2021;15:09:46;LV_f14_MF;16;0.257072;924.95;1;30;100;1;20
13-Jul-2021;15:20:49;LV_f14_MF;17;0.258006;663.13;1;30;100;1;20
13-Jul-2021;15:35:25;LV_f14_MF;18;0.270746;876.19;1;30;100;1;20
13-Jul-2021;15:50:38;LV_f14_MF;19;0.265367;913.47;1;30;100;1;20
13-Jul-2021;16:04:52;LV_f14_MF;20;0.257622;854.10;1;30;100;1;20
13-Jul-2021;16:14:29;LV_f14_MF;21;0.256198;576.38;1;30;100;1;20
13-Jul-2021;16:30:10;LV_f14_MF;22;0.255736;941.33;1;30;100;1;20
13-Jul-2021;16:45:56;LV_f14_MF;23;0.254181;945.90;1;30;100;1;20
13-Jul-2021;16:59:36;LV_f14_MF;24;0.261380;819.57;1;30;100;1;20
13-Jul-2021;17:14:39;LV_f14_MF;25;0.266381;903.60;1;30;100;1;20
13-Jul-2021;17:26:33;LV_f14_MF;26;0.264498;713.42;1;30;100;1;20
13-Jul-2021;17:42:28;LV_f14_MF;27;0.266015;954.86;1;30;100;1;20
13-Jul-2021;17:59:11;LV_f14_MF;28;0.259211;1003.75;1;30;100;1;20
13-Jul-2021;18:13:19;LV_f14_MF;29;0.260739;848.03;1;30;100;1;20
13-Jul-2021;18:24:27;LV_f14_MF;30;0.265100;667.82;1;30;100;1;20
13-Jul-2021;18:34:34;LV_f15_MF;1;329.195721;606.66;1;30;100;1;20
13-Jul-2021;18:42:28;LV_f15_MF;2;140.112200;473.76;1;30;100;1;20
13-Jul-2021;18:51:59;LV_f15_MF;3;64.521445;571.01;1;30;100;1;20
13-Jul-2021;19:02:48;LV_f15_MF;4;78.286780;649.71;1;30;100;1;20
13-Jul-2021;19:13:14;LV_f15_MF;5;263.297751;625.61;1;30;100;1;20
13-Jul-2021;19:21:04;LV_f15_MF;6;160.605340;470.49;1;30;100;1;20
13-Jul-2021;19:28:36;LV_f15_MF;7;455.656579;452.03;1;30;100;1;20
13-Jul-2021;19:36:31;LV_f15_MF;8;893.414973;474.04;1;30;100;1;20
13-Jul-2021;19:44:19;LV_f15_MF;9;580.234946;468.48;1;30;100;1;20
13-Jul-2021;19:50:56;LV_f15_MF;10;431.887751;396.53;1;30;100;1;20
13-Jul-2021;19:59:00;LV_f15_MF;11;189.107345;484.54;1;30;100;1;20
13-Jul-2021;20:06:49;LV_f15_MF;12;245.917097;469.04;1;30;100;1;20
13-Jul-2021;20:16:47;LV_f15_MF;13;304.105901;598.10;1;30;100;1;20
13-Jul-2021;20:24:25;LV_f15_MF;14;73.187916;458.15;1;30;100;1;20
13-Jul-2021;20:30:52;LV_f15_MF;15;360.026411;386.81;1;30;100;1;20
13-Jul-2021;20:39:57;LV_f15_MF;16;242.123711;544.69;1;30;100;1;20
13-Jul-2021;20:48:39;LV_f15_MF;17;1228.654837;522.54;1;30;100;1;20
13-Jul-2021;20:54:50;LV_f15_MF;18;456.233667;370.71;1;30;100;1;20
13-Jul-2021;21:01:39;LV_f15_MF;19;650.041496;408.99;1;30;100;1;20
13-Jul-2021;21:09:37;LV_f15_MF;20;60.078833;477.52;1;30;100;1;20
13-Jul-2021;21:15:54;LV_f15_MF;21;3950.562067;376.99;1;30;100;1;20
13-Jul-2021;21:21:48;LV_f15_MF;22;1301.512929;354.62;1;30;100;1;20
13-Jul-2021;21:29:02;LV_f15_MF;23;805.120826;433.72;1;30;100;1;20
13-Jul-2021;21:38:41;LV_f15_MF;24;561.481982;578.78;1;30;100;1;20
13-Jul-2021;21:45:01;LV_f15_MF;25;80.617328;379.84;1;30;100;1;20
13-Jul-2021;21:51:30;LV_f15_MF;26;788.665798;389.41;1;30;100;1;20
13-Jul-2021;22:00:05;LV_f15_MF;27;110.984128;515.13;1;30;100;1;20
13-Jul-2021;22:08:36;LV_f15_MF;28;716.549523;511.08;1;30;100;1;20
13-Jul-2021;22:17:52;LV_f15_MF;29;489.652383;555.29;1;30;100;1;20
13-Jul-2021;22:27:34;LV_f15_MF;30;324.727954;582.42;1;30;100;1;20
13-Jul-2021;22:47:39;LV_f16_MF;1;125.835727;1204.85;1;30;100;1;20
13-Jul-2021;23:06:27;LV_f16_MF;2;280.258508;1128.49;1;30;100;1;20
13-Jul-2021;23:24:21;LV_f16_MF;3;240.319831;1073.14;1;30;100;1;20
13-Jul-2021;23:44:51;LV_f16_MF;4;187.332442;1230.54;1;30;100;1;20
14-Jul-2021;00:06:19;LV_f16_MF;5;116.492044;1287.99;1;30;100;1;20
14-Jul-2021;00:33:22;LV_f16_MF;6;110.257519;1622.51;1;30;100;1;20
14-Jul-2021;00:55:04;LV_f16_MF;7;44.392801;1302.88;1;30;100;1;20
14-Jul-2021;01:18:12;LV_f16_MF;8;274.017692;1387.42;1;30;100;1;20
14-Jul-2021;01:42:30;LV_f16_MF;9;124.742706;1458.37;1;30;100;1;20
14-Jul-2021;02:03:28;LV_f16_MF;10;96.344935;1257.65;1;30;100;1;20
14-Jul-2021;02:24:00;LV_f16_MF;11;283.366710;1232.14;1;30;100;1;20
14-Jul-2021;02:47:01;LV_f16_MF;12;216.013165;1380.89;1;30;100;1;20
14-Jul-2021;03:07:56;LV_f16_MF;13;59.558957;1254.67;1;30;100;1;20
14-Jul-2021;03:28:57;LV_f16_MF;14;46.340164;1260.94;1;30;100;1;20
14-Jul-2021;03:50:01;LV_f16_MF;15;316.674383;1264.49;1;30;100;1;20
14-Jul-2021;04:09:24;LV_f16_MF;16;52.987351;1163.41;1;30;100;1;20
14-Jul-2021;04:30:12;LV_f16_MF;17;131.780297;1247.42;1;30;100;1;20
14-Jul-2021;04:49:36;LV_f16_MF;18;142.685072;1164.39;1;30;100;1;20
14-Jul-2021;05:12:28;LV_f16_MF;19;145.442608;1371.50;1;30;100;1;20
14-Jul-2021;05:30:51;LV_f16_MF;20;58.234708;1103.17;1;30;100;1;20
14-Jul-2021;05:54:54;LV_f16_MF;21;174.762940;1442.59;1;30;100;1;20
14-Jul-2021;06:18:08;LV_f16_MF;22;127.809499;1394.11;1;30;100;1;20
14-Jul-2021;06:39:55;LV_f16_MF;23;135.267807;1306.87;1;30;100;1;20
14-Jul-2021;07:00:02;LV_f16_MF;24;295.254059;1207.41;1;30;100;1;20
14-Jul-2021;07:23:03;LV_f16_MF;25;79.325787;1380.57;1;30;100;1;20
14-Jul-2021;07:45:22;LV_f16_MF;26;70.647223;1338.99;1;30;100;1;20
14-Jul-2021;08:09:02;LV_f16_MF;27;36.332984;1420.67;1;30;100;1;20
14-Jul-2021;08:31:32;LV_f16_MF;28;199.883557;1350.12;1;30;100;1;20
14-Jul-2021;08:50:30;LV_f16_MF;29;93.612573;1137.18;1;30;100;1;20
14-Jul-2021;09:13:00;LV_f16_MF;30;114.315031;1350.23;1;30;100;1;20
14-Jul-2021;09:34:45;LV_f17_MF;1;-2.803633;1305.43;1;30;100;1;20
14-Jul-2021;09:58:27;LV_f17_MF;2;-2.770910;1421.51;1;30;100;1;20
14-Jul-2021;10:21:44;LV_f17_MF;3;-2.588501;1397.17;1;30;100;1;20
14-Jul-2021;10:42:03;LV_f17_MF;4;-2.733570;1219.11;1;30;100;1;20
14-Jul-2021;11:02:15;LV_f17_MF;5;-2.750457;1212.18;1;30;100;1;20
14-Jul-2021;11:23:31;LV_f17_MF;6;-2.536804;1275.83;1;30;100;1;20
14-Jul-2021;11:46:02;LV_f17_MF;7;-2.795525;1350.64;1;30;100;1;20
14-Jul-2021;12:09:32;LV_f17_MF;8;-2.748864;1410.19;1;30;100;1;20
14-Jul-2021;12:32:14;LV_f17_MF;9;-2.798889;1362.32;1;30;100;1;20
14-Jul-2021;12:55:33;LV_f17_MF;10;-2.880233;1398.46;1;30;100;1;20
14-Jul-2021;13:16:00;LV_f17_MF;11;-2.647889;1227.41;1;30;100;1;20
14-Jul-2021;13:37:20;LV_f17_MF;12;-2.787796;1279.82;1;30;100;1;20
14-Jul-2021;14:01:59;LV_f17_MF;13;-2.547805;1479.18;1;30;100;1;20
14-Jul-2021;14:23:51;LV_f17_MF;14;-2.717531;1312.28;1;30;100;1;20
14-Jul-2021;14:45:51;LV_f17_MF;15;-2.781820;1319.96;1;30;100;1;20
14-Jul-2021;15:06:30;LV_f17_MF;16;-2.985429;1238.22;1;30;100;1;20
14-Jul-2021;15:27:10;LV_f17_MF;17;-2.968209;1240.67;1;30;100;1;20
14-Jul-2021;15:48:51;LV_f17_MF;18;-2.553645;1300.57;1;30;100;1;20
14-Jul-2021;16:07:29;LV_f17_MF;19;-2.731324;1118.39;1;30;100;1;20
14-Jul-2021;16:29:04;LV_f17_MF;20;-2.624511;1294.89;1;30;100;1;20
14-Jul-2021;16:50:18;LV_f17_MF;21;-2.631658;1273.74;1;30;100;1;20
14-Jul-2021;17:10:26;LV_f17_MF;22;-2.627865;1208.18;1;30;100;1;20
14-Jul-2021;17:31:31;LV_f17_MF;23;-2.803863;1265.46;1;30;100;1;20
14-Jul-2021;17:51:57;LV_f17_MF;24;-2.708552;1225.07;1;30;100;1;20
14-Jul-2021;18:15:38;LV_f17_MF;25;-2.633920;1421.14;1;30;100;1;20
14-Jul-2021;18:37:39;LV_f17_MF;26;-2.873140;1321.47;1;30;100;1;20
14-Jul-2021;18:57:21;LV_f17_MF;27;-2.871114;1182.01;1;30;100;1;20
14-Jul-2021;19:18:55;LV_f17_MF;28;-2.463707;1294.32;1;30;100;1;20
14-Jul-2021;19:40:48;LV_f17_MF;29;-2.626364;1312.03;1;30;100;1;20
14-Jul-2021;20:03:50;LV_f17_MF;30;-2.701340;1382.92;1;30;100;1;20
