0,-0.720197027184168
0.401606425702811,-0.688971032481748
0.803212851405622,-0.508856282854813
1.20481927710843,-0.314407321056272
1.60642570281124,-0.499924866055006
2.00803212851406,-0.709579159907715
2.40963855421687,-0.759260040673651
2.81124497991968,-0.770223658937599
3.21285140562249,-0.776870578192734
3.6144578313253,-0.780452679381248
4.01606425702811,-0.780559631401042
4.41767068273092,-0.777153741520521
4.81927710843374,-0.770526511670862
5.22088353413655,-0.761162368495397
5.62248995983936,-0.749590208696446
6.02409638554217,-0.736270218844021
6.42570281124498,-0.721547752199032
6.82730923694779,-0.705645606206305
7.2289156626506,-0.68791540398155
7.63052208835341,-0.663650849800624
8.03212851405623,-0.635575598211697
8.43373493975904,-0.624707552256689
8.83534136546185,-0.620506312101919
9.23694779116466,-0.61099897262844
9.63855421686747,-0.602271494799867
10.0401606425703,-0.596998145763286
10.4417670682731,-0.595302071952158
10.8433734939759,-0.596741047612265
11.2449799196787,-0.600591079617373
11.6465863453815,-0.606038483606461
12.0481927710843,-0.612384372813441
12.4497991967871,-0.619208440052464
12.85140562249,-0.626451275275013
13.2530120481928,-0.634401552503958
13.6546184738956,-0.64360181121319
14.0562248995984,-0.654704222333302
14.4578313253012,-0.668311148013131
14.859437751004,-0.684826964061184
15.2610441767068,-0.704335041838699
15.6626506024096,-0.726505170451264
16.0642570281125,-0.75053637818817
16.4658634538153,-0.77514628768689
16.8674698795181,-0.798624062930953
17.2690763052209,-0.818962047561717
17.6706827309237,-0.834067619616432
18.0722891566265,-0.842034546131364
18.4738955823293,-0.841430906848015
18.8755020080321,-0.831548576036092
19.2771084337349,-0.812563431552767
19.6787148594378,-0.785574697806872
20.0803212851406,-0.752518296783361
20.4819277108434,-0.715972700092948
20.8835341365462,-0.678889617452774
21.285140562249,-0.644285290649599
21.6867469879518,-0.61492590285272
22.0883534136546,-0.593038507554618
22.4899598393574,-0.580079352700608
22.8915662650602,-0.576591733490278
23.2931726907631,-0.582179723069253
23.6947791164659,-0.59560809939451
24.0963855421687,-0.615013925536073
24.4979919678715,-0.638189169325884
24.8995983935743,-0.662876880769734
25.3012048192771,-0.687023516346579
25.7028112449799,-0.708947763444253
26.1044176706827,-0.727429306559201
26.5060240963855,-0.742952321746149
26.9076305220884,-0.785859356028513
27.3092369477912,-1.02897566837946
27.710843373494,-1.40226560274242
28.1124497991968,-1.21192559857049
28.5140562248996,-0.843112909589933
28.9156626506024,-0.740664854521038
29.3172690763052,-0.721698445964312
29.718875502008,-0.707141342165227
30.1204819277108,-0.691546901911144
30.5220883534137,-0.675168373529858
30.9236947791165,-0.658273702943943
31.3253012048193,-0.641101765628611
31.7269076305221,-0.623958579220976
32.1285140562249,-0.6073020180607
32.5301204819277,-0.591779819667269
32.9317269076305,-0.578198365777248
33.3333333333333,-0.567420625734703
33.7349397590361,-0.560214849478298
34.136546184739,-0.557093286950121
34.5381526104418,-0.558186215324727
34.9397590361446,-0.563204036972745
35.3413654618474,-0.572120652600281
35.7429718875502,-0.591411278075174
36.144578313253,-0.631296149852975
36.5461847389558,-0.649992600446162
36.9477911646586,-0.631704760700524
37.3493975903614,-0.626652057659318
37.7510040160643,-0.632658046847942
38.1526104417671,-0.638615532159547
38.5542168674699,-0.643127857957498
38.9558232931727,-0.646395634955239
39.3574297188755,-0.648677651293024
39.7590361445783,-0.650181826268179
40.1606425702811,-0.651040307685135
40.5622489959839,-0.651313684522862
40.9638554216867,-0.651015331742515
41.3654618473896,-0.65014554896349
41.7670682730924,-0.648726703994892
42.1686746987952,-0.646834522304158
42.570281124498,-0.644625267860913
42.9718875502008,-0.642361764657689
43.3734939759036,-0.640441103689582
43.7751004016064,-0.639422486390399
44.1767068273092,-0.6400456949827
44.578313253012,-0.64322199405211
44.9799196787149,-0.649974439989262
45.3815261044177,-0.661305681425708
45.7831325301205,-0.677704257919539
46.1847389558233,-0.690830853380934
46.5863453815261,-0.638266358921694
46.9879518072289,-0.506281395307801
47.3895582329317,-0.578095302827853
47.7911646586345,-0.770486515436748
48.1927710843374,-0.848888183704317
48.5943775100402,-0.873206636021599
48.995983935743,-0.883705288193265
49.3975903614458,-0.887317539800403
49.7991967871486,-0.916964850693534
50.2008032128514,-0.986943315508808
50.6024096385542,-0.943686665102377
51.004016064257,-0.820312924322988
51.4056224899598,-0.755133386539997
51.8072289156626,-0.718760468799438
52.2088353413655,-0.687478070815424
52.6104417670683,-0.659615515548028
53.0120481927711,-0.6352256307652
53.4136546184739,-0.613948093757582
53.8152610441767,-0.595221921025351
54.2168674698795,-0.578537285214146
54.6184738955823,-0.563612597390248
55.0200803212851,-0.550468765540493
55.421686746988,-0.539398716966801
55.8232931726908,-0.53085325128816
56.2248995983936,-0.525281152412783
56.6265060240964,-0.522969214240817
57.0281124497992,-0.52392451549997
57.429718875502,-0.527827396309805
57.8313253012048,-0.5340627613972
58.2329317269076,-0.541815663121173
58.6345381526104,-0.550201149833926
59.0361445783133,-0.558392607578599
59.4377510040161,-0.56571806004125
59.8393574297189,-0.571707147880479
60.2409638554217,-0.576087579492413
60.6425702811245,-0.578743522101295
61.0441767068273,-0.579656282710191
61.4457831325301,-0.578848797727865
61.8473895582329,-0.57635101824279
62.2489959839357,-0.572195337109763
62.6506024096386,-0.566441903260166
63.0522088353414,-0.559224821828047
63.4538152610442,-0.550803414112442
63.855421686747,-0.541599413067084
64.2570281124498,-0.532202503528695
64.6586345381526,-0.523333523180498
65.0602409638554,-0.515765985757163
65.4618473895582,-0.510219636623658
65.863453815261,-0.507250465005048
66.2650602409639,-0.507165973392153
66.6666666666667,-0.509990234060348
67.0682730923695,-0.515490902711153
67.4698795180723,-0.523263358017854
67.8714859437751,-0.532850613332769
68.2730923694779,-0.543866501367797
68.6746987951807,-0.556086894291712
69.0763052208835,-0.569479887967692
69.4779116465863,-0.584159970066077
69.8795180722892,-0.600337388242925
70.281124497992,-0.620284078232762
70.6827309236948,-0.661992906130245
71.0843373493976,-0.734141748875593
71.4859437751004,-0.746053044256343
71.8875502008032,-0.708070191796862
72.289156626506,-0.697735322930524
72.6907630522088,-0.685055641997992
73.0923694779116,-0.648907529581717
73.4939759036145,-0.639411522089484
73.8955823293173,-0.647022654404424
74.2971887550201,-0.628054644840737
74.6987951807229,-0.595778879535559
75.1004016064257,-0.561852695789359
75.5020080321285,-0.530267871507418
75.9036144578313,-0.503686306173346
76.3052208835341,-0.483844776986507
76.7068273092369,-0.47139016740655
77.1084337349398,-0.465920847828205
77.5100401606426,-0.46622166791803
77.9116465863454,-0.470616212823266
78.3132530120482,-0.47734195009045
78.714859437751,-0.484863126512293
79.1164658634538,-0.492066047346433
79.5180722891566,-0.49832004483634
79.9196787148594,-0.50342278149665
80.3212851405623,-0.507471593192413
80.7228915662651,-0.510709784220273
81.1244979919679,-0.513389873560968
81.5261044176707,-0.515680093410585
81.9277108433735,-0.517622485917567
82.3293172690763,-0.519136249910016
82.7309236947791,-0.520051677662306
83.1325301204819,-0.520158459614636
83.5341365461847,-0.519255486954924
83.9357429718875,-0.517194628992355
84.3373493975904,-0.513915549342098
84.7389558232932,-0.509470804308809
85.140562248996,-0.504034978188723
85.5421686746988,-0.497507607881892
85.9437751004016,-0.48145643460722
86.3453815261044,-0.413091421049953
86.7469879518072,-0.324448142145092
87.14859437751,-0.375323961632085
87.5502008032128,-0.453885144459594
87.9518072289157,-0.47159877347381
88.3534136546185,-0.473837099699777
88.7550200803213,-0.476624574828687
89.1566265060241,-0.48074114793438
89.5582329317269,-0.485842735323317
89.9598393574297,-0.491590232874325
90.3614457831325,-0.497745492251518
90.7630522088353,-0.504219156864958
91.1646586345382,-0.511074326167226
91.566265060241,-0.518478727656685
91.9678714859438,-0.526608610054483
92.3694779116466,-0.535520014390346
92.7710843373494,-0.545015683960928
93.1726907630522,-0.554545540504549
93.574297188755,-0.563180892219034
93.9759036144578,-0.569692912393027
94.3775100401606,-0.572742681459026
94.7791164658635,-0.571156732461683
95.1807228915663,-0.564228099223359
95.5823293172691,-0.551961462228148
95.9839357429719,-0.535183581798231
96.3855421686747,-0.515470642035622
96.7871485943775,-0.494895159865753
97.1887550200803,-0.475649881683802
97.5903614457831,-0.459643396912259
97.9919678714859,-0.448085874034504
98.3935742971887,-0.439593021249661
98.7951807228916,-0.424893491144861
99.1967871485944,-0.410309847196304
99.5983935742972,-0.427157609066323
100,-0.450161802384225
