0,-0.428574145726578
0.401606425702811,-0.380285393174328
0.803212851405622,-0.339814577465621
1.20481927710843,-0.314871044017739
1.60642570281124,-0.313133015818716
2.00803212851406,-0.340867818476219
2.40963855421687,-0.402333381919207
2.81124497991968,-0.499117923809924
3.21285140562249,-0.628354278781847
3.6144578313253,-0.780431253738027
4.01606425702811,-0.938629161141918
4.41767068273092,-1.08260423711337
4.81927710843374,-1.1943685014555
5.22088353413655,-1.262404492771
5.62248995983936,-1.28119642732453
6.02409638554217,-1.24896691049374
6.42570281124498,-1.16839062665079
6.82730923694779,-1.04982760188747
7.2289156626506,-0.911524846201032
7.63052208835341,-0.774151124234838
8.03212851405623,-0.653821268872803
8.43373493975904,-0.5589418526796
8.83534136546185,-0.491275275692086
9.23694779116466,-0.448137996301838
9.63855421686747,-0.42404733764103
10.0401606425703,-0.412396045613269
10.4417670682731,-0.407410996621919
10.8433734939759,-0.40539481815611
11.2449799196787,-0.404566092894488
11.6465863453815,-0.404186039046221
12.0481927710843,-0.40423900658679
12.4497991967871,-0.406241277936505
12.85140562249,-0.414645826083267
13.2530120481928,-0.437694486975767
13.6546184738956,-0.486739513184043
14.0562248995984,-0.573657532633874
14.4578313253012,-0.70631683057987
14.859437751004,-0.88216536956559
15.2610441767068,-1.08159776707307
15.6626506024096,-1.2667684338264
16.0642570281125,-1.39284177901155
16.4658634538153,-1.42956139592772
16.8674698795181,-1.37701891404368
17.2690763052209,-1.26072139576375
17.6706827309237,-1.11188459511183
18.0722891566265,-0.953203316956798
18.4738955823293,-0.799247602893995
18.8755020080321,-0.662295911746193
19.2771084337349,-0.553094030292981
19.6787148594378,-0.477053745453424
20.0803212851406,-0.431978752378755
20.4819277108434,-0.409963609467676
20.8835341365462,-0.401545891354751
21.285140562249,-0.399198434025062
21.6867469879518,-0.398683849848647
22.0883534136546,-0.39845485740498
22.4899598393574,-0.398236806630713
22.8915662650602,-0.398058892223304
23.2931726907631,-0.398454799812195
23.6947791164659,-0.401650945619859
24.0963855421687,-0.41274680357102
24.4979919678715,-0.439608565194548
24.8995983935743,-0.490787900293325
25.3012048192771,-0.572313206585498
25.7028112449799,-0.685756044331061
26.1044176706827,-0.829032596726868
26.5060240963855,-0.996713874338183
26.9076305220884,-1.17418345709918
27.3092369477912,-1.32889867973605
27.710843373494,-1.41470855877955
28.1124497991968,-1.39713146880716
28.5140562248996,-1.27929190963608
28.9156626506024,-1.10044481812528
29.3172690763052,-0.909118220551332
29.718875502008,-0.739091712651123
30.1204819277108,-0.604928783223332
30.5220883534137,-0.509109323306334
30.9236947791165,-0.44806868391437
31.3253012048193,-0.41456076852038
31.7269076305221,-0.399453754087567
32.1285140562249,-0.394216651899167
32.5301204819277,-0.392918188083398
32.9317269076305,-0.392678936527757
33.3333333333333,-0.392823253630007
33.7349397590361,-0.393844388063605
34.136546184739,-0.397194641986544
34.5381526104418,-0.405943981863038
34.9397590361446,-0.425138694853101
35.3413654618474,-0.460497571220852
35.7429718875502,-0.515780206405903
36.144578313253,-0.591238820826912
36.5461847389558,-0.684772183767245
36.9477911646586,-0.793693266670319
37.3493975903614,-0.913530650508872
37.7510040160643,-1.03418446872004
38.1526104417671,-1.13820109284094
38.5542168674699,-1.20467955628591
38.9558232931727,-1.21699958642399
39.3574297188755,-1.16951223036482
39.7590361445783,-1.06976133771682
40.1606425702811,-0.935899651692527
40.5622489959839,-0.791015376825721
40.9638554216867,-0.65671338970469
41.3654618473896,-0.548066295995992
41.7670682730924,-0.471298287662716
42.1686746987952,-0.424483436888753
42.570281124498,-0.40046600176516
42.9718875502008,-0.390545973378925
43.3734939759036,-0.387460240781971
43.7751004016064,-0.386779638759329
44.1767068273092,-0.386724136525145
44.578313253012,-0.387139544088989
44.9799196787149,-0.38860357289032
45.3815261044177,-0.392211161395117
45.7831325301205,-0.399839705856482
46.1847389558233,-0.414305038381303
46.5863453815261,-0.439194604086721
46.9879518072289,-0.478650727814822
47.3895582329317,-0.536930266696917
47.7911646586345,-0.616698453525391
48.1927710843374,-0.715671101659961
48.5943775100402,-0.823609102266211
48.995983935743,-0.922977384519188
49.3975903614458,-0.994442577462533
49.7991967871486,-1.02427673986029
50.2008032128514,-1.0087537592563
50.6024096385542,-0.953202691732713
51.004016064257,-0.868077747878533
51.4056224899598,-0.765950695317239
51.8072289156626,-0.660329277706812
52.2088353413655,-0.564264130235247
52.6104417670683,-0.487635212797445
53.0120481927711,-0.434643619014512
53.4136546184739,-0.403494279706483
53.8152610441767,-0.3884408552029
54.2168674698795,-0.382753784924372
54.6184738955823,-0.381057860203051
55.0200803212851,-0.380312971075841
55.421686746988,-0.37956444769005
55.8232931726908,-0.379046654763388
56.2248995983936,-0.379268378447909
56.6265060240964,-0.38048054999628
57.0281124497992,-0.382607895537666
57.429718875502,-0.385477806841391
57.8313253012048,-0.389089203387564
58.2329317269076,-0.393724785186076
58.6345381526104,-0.399848733715138
59.0361445783133,-0.407860811954767
59.4377510040161,-0.417839252761028
59.8393574297189,-0.429389095370687
60.2409638554217,-0.441648179536682
60.6425702811245,-0.453431883042229
61.0441767068273,-0.463452324948476
61.4457831325301,-0.470539469563177
61.8473895582329,-0.473812249439156
62.2489959839357,-0.472779722516045
62.6506024096386,-0.467378754812673
63.0522088353414,-0.457966991417566
63.4538152610442,-0.445288198934579
63.855421686747,-0.430417776794567
64.2570281124498,-0.414687278649143
64.6586345381526,-0.399583881523541
65.0602409638554,-0.386625475667366
65.4618473895582,-0.377221956695705
65.863453815261,-0.37254342071783
66.2650602409639,-0.373421044683138
66.6666666666667,-0.380303017195759
67.0682730923695,-0.393275618933145
67.4698795180723,-0.412141470599894
67.8714859437751,-0.436528702536271
68.2730923694779,-0.465992673987119
68.6746987951807,-0.500069480623339
69.0763052208835,-0.538244976155255
69.4779116465863,-0.579807856569743
69.8795180722892,-0.623566563242024
70.281124497992,-0.667457591512737
70.6827309236948,-0.708179499555805
71.0843373493976,-0.741116194166687
71.4859437751004,-0.760885598603407
71.8875502008032,-0.762752529361064
72.289156626506,-0.744658975718557
72.6907630522088,-0.708731637309419
73.0923694779116,-0.660742429301022
73.4939759036145,-0.607380096459748
73.8955823293173,-0.553505685239307
74.2971887550201,-0.50180938126524
74.6987951807229,-0.454611354480015
75.1004016064257,-0.415270827049948
75.5020080321285,-0.387573568449621
75.9036144578313,-0.37390976813765
76.3052208835341,-0.373972524991052
76.7068273092369,-0.384772550582356
77.1084337349398,-0.401641858459453
77.5100401606426,-0.419552926423676
77.9116465863454,-0.43426323558326
78.3132530120482,-0.443047729670513
78.714859437751,-0.444952980424649
79.1164658634538,-0.440621867766607
79.5180722891566,-0.431817625890594
79.9196787148594,-0.420814411993389
80.3212851405623,-0.409813758813753
80.7228915662651,-0.400503003399193
81.1244979919679,-0.393812811685694
81.5261044176707,-0.389875457925447
81.9277108433735,-0.388145945587096
82.3293172690763,-0.387628255269764
82.7309236947791,-0.38714606416061
83.1325301204819,-0.385604555725024
83.5341365461847,-0.382200158356806
83.9357429718875,-0.376544297021453
84.3373493975904,-0.368681694929299
84.7389558232932,-0.359022314131402
85.140562248996,-0.348273189240537
85.5421686746988,-0.337483191907405
85.9437751004016,-0.328177128837037
86.3453815261044,-0.322296814289317
86.7469879518072,-0.321646223299383
87.14859437751,-0.327017491315502
87.5502008032128,-0.337697427074952
87.9518072289157,-0.351849664037399
88.3534136546185,-0.36745145265872
88.7550200803213,-0.38302958890096
89.1566265060241,-0.397830655027167
89.5582329317269,-0.411641269254309
89.9598393574297,-0.424597944241954
90.3614457831325,-0.437095513983098
90.7630522088353,-0.449719808529676
91.1646586345382,-0.46312536989231
91.566265060241,-0.477846868352414
91.9678714859438,-0.494080348892191
92.3694779116466,-0.511486607412961
92.7710843373494,-0.529070911239794
93.1726907630522,-0.545187970096945
93.574297188755,-0.557705352278852
93.9759036144578,-0.564328792750863
94.3775100401606,-0.56305107416664
94.7791164658635,-0.55264177802701
95.1807228915663,-0.533063205725289
95.5823293172691,-0.505694033204958
95.9839357429719,-0.473276923234273
96.3855421686747,-0.439575894742426
96.7871485943775,-0.40880786191655
97.1887550200803,-0.38495283764329
97.5903614457831,-0.371020142739626
97.9919678714859,-0.368322825283917
98.3935742971887,-0.375935623441246
98.7951807228916,-0.390742299791476
99.1967871485944,-0.408404802458566
99.5983935742972,-0.424931518235858
100,-0.437865563809457
