9.23584559474623,2.67922026338687,1
-5.02565168902408,3.1452492644502,0.997226567695701
2.91019434763358,-6.71169736488177,0.981228919367749
1.90836897539478,-6.85768668992132,0.965469699510791
-4.64939784302232,-3.18077185596011,0.953461531053045
1.11417156494588,2.9820957718721,0.946283759104098
3.21784641351544,2.94306075950006,0.926699434255662
-4.73493945530792,-2.74657482777513,0.914178783607225
-4.66091315676141,2.833345616393,0.910504257603897
1.37725778662455,-2.65458529389615,0.908645561620824
5.98213831671216,0.524776505496764,0.903923224978489
2.32053794131608,-2.77080200059795,0.90360588417228
-0.215167824840364,-1.55020511277866,0.897507786817358
-1.27542993058133,0.573939246238377,0.895358200611696
2.39698353811668,-2.98957842244593,0.893405963360073
6.92101663456279,0.157964714011268,0.883693452469834
2.54402073353723,-3.04241271011637,0.882754812045395
3.37656322542212,5.93931630341452,0.882177925329828
8.85350536625514,-3.21970336365733,0.88088609540656
1.74362742469495,-2.71252549229314,0.880086526807251
-0.45530195730155,0.0699574250780403,0.876652950711018
-4.44930267842069,2.51332120899473,0.87652992400473
2.43386191203124,2.72901976552696,0.876277370286353
5.79146765275357,1.57074944548921,0.873996103304456
6.56880699989428,-0.777232802004875,0.873169551090259
-0.495137830881749,-1.72576180583871,0.872664752998933
1.34713270785963,3.18595999529159,0.871227443593974
5.10710308579776,0.297269374943607,0.870794503627962
8.41051493314232,2.84156528399485,0.869502760326721
-0.580077215453451,0.793292916652882,0.868409965846754
-0.0608054594595858,-0.861281123002736,0.86839502710875
1.53393170176926,-3.30252818783183,0.866842676197667
6.52566053645117,-0.501903274780276,0.861975413330926
1.52501024333799,7.03333162378527,0.861823521450083
-0.71290767000009,0.774284205327862,0.861245292665116
6.09419598411057,1.02696076723926,0.861127320032509
2.06641336776286,-3.20827870824377,0.860907961026776
0.148797410325148,-1.87470611498931,0.858886251518571
4.68738804249031,5.21715731418541,0.857573584384109
-1.49531341241615,0.691163397215977,0.855069452840434
8.46520810618036,-3.02391283393331,0.854524699570198
5.78531653687786,0.191740400733754,0.854445761619055
6.04618880601454,-0.673956595831056,0.854438255819779
2.64693654708306,-2.54607852752768,0.854007531596092
1.95284328528984,3.40493031851044,0.851322437596664
6.5290109266253,0.365149524304216,0.850669352281083
0.466829668619484,0.414376093215408,0.849129527789409
0.600051972380431,5.98546463330401,0.848737243199017
-0.599925008076437,-0.924625878435047,0.848552928765125
2.26112274125994,3.27176676130179,0.847788996750463
0.0375659033305723,-0.198879541213395,0.846238212318843
6.71882740749811,0.71736948789961,0.840091114049711
3.42732307854971,-2.40948508093829,0.839397507376993
2.30020844125807,6.86508999629296,0.839371819607038
-1.62230098340894,-0.502638239273751,0.839029140915315
3.82081844106012,-6.27661571092429,0.83794714552316
5.61025367849443,-0.965077959056265,0.837729559078296
0.955794661934956,-3.18043912274227,0.83111177799088
2.37254088972489,2.79414222184126,0.830008494286897
6.72796221912603,0.713951397171758,0.827703752604426
-4.39194960558738,3.07413506940739,0.826507697729745
-3.92137360375047,-2.93449603779274,0.822088368586091
3.93587271384575,-2.8054462226852,0.82044620806768
3.1787454422667,-2.89227977323963,0.820428986771715
-4.47143743492312,3.49036369540977,0.818689227097521
7.07827166716961,0.844543371804262,0.81687594810637
6.4602970577433,-1.4292434041543,0.816537774386556
3.48510377284189,-3.04066764386436,0.816292713198499
-5.06806826058062,-3.91691155779205,0.815035310864389
3.40663087572098,2.41931605750509,0.812397909422368
8.32710092035302,2.65324027153856,0.809275715741006
2.58268219580138,-5.42918971746427,0.807341197631394
1.93776729856825,3.50395447015733,0.807072081027661
8.41545107111568,2.4072706022158,0.806517907509416
-3.77237937479583,-3.27080099443406,0.8030349108352
2.25277655876608,-2.39492112214819,0.802671030292136
5.33784025830052,0.912782953889681,0.801489727009254
0.427578937520444,6.54030272615666,0.801101599736591
-0.0206250089480746,1.13305057057832,0.80066326263338
-0.51322923741677,0.0803907054224822,0.798221606775476
3.58619665745375,-3.15982753744232,0.797765513159182
3.90283512011906,2.76709412625892,0.797740279929461
6.49798690809473,1.45903411839279,0.796734097091903
3.26456601796663,3.76024154114156,0.795731320667927
-0.871513089807462,-1.08227777983439,0.792500506842643
-0.399188559296573,-1.03535390616379,0.788890057144517
1.6848718593781,2.3784669721193,0.788869266287523
-0.0227540228794282,-1.52626365313439,0.787585515929896
5.70276470824921,0.676359660053965,0.78738731641158
6.57819712373947,-0.964103420990625,0.78566585391929
-3.84262204199014,2.6535919013693,0.783469272863527
5.13797835957321,-0.267756262149313,0.78294790148048
0.824754078352991,-0.983755569833673,0.782751551267847
2.71933832699049,5.85983714809952,0.782090885640345
-0.857845595062451,0.43812459027488,0.781992079653247
1.65592516281883,-2.74703374608195,0.78067205267687
0.595207335801027,-2.27743085422125,0.77940142601383
5.31818684842461,-0.776272601076423,0.778035760496523
0.0324288397061478,3.0589934307514,0.7768543255231
-0.338988300753795,-1.03628302138048,0.775231030290809
-3.77634802089665,-2.64155628286075,0.770339873277347
6.23319974453108,0.137013100410199,0.770270367939504
-1.70188267582213,2.14120617548728,0.769407586756679
-2.0766660557792,-2.04525846922173,0.769006148389298
1.24506877735807,-2.17057423007973,0.766529347586981
4.45842798516389,-0.23406453915334,0.76554880127897
2.43740980223477,-6.20490705515945,0.764859462727768
6.7264123567159,0.973801095042875,0.764469712923785
-0.711217378317756,1.62160196725168,0.763576809350014
5.07249949505123,0.723450171411869,0.763154557357428
2.04209561921587,2.36947618603215,0.762143047098926
2.33286369067824,-2.30657754421012,0.7607999129779
-0.513519315866359,-0.778056152121615,0.760531676055018
-1.15511560554314,0.212532995363806,0.760067420600077
-4.48691730798688,-3.80208359306166,0.759824808286969
1.037665308169,-1.00764143556443,0.758656744394911
0.570710218168469,2.38385602940346,0.758495722637239
-3.84602993735794,-2.61938423938712,0.757449073056971
0.770435372140901,6.89395003487331,0.755532909367382
4.91278235512245,0.07070542859464,0.753467225917617
2.99066702046701,2.5693012900687,0.753182457836905
7.73735858918898,2.72305901116034,0.752882408243018
-4.3116091450101,-3.68069486096951,0.752874674071859
5.24627132843183,1.11203284369985,0.752571048174309
6.17428889344629,0.14252106068216,0.75236582158848
9.31676191375503,4.12504199173679,0.750931981724514
8.36220006343251,-2.29213491325295,0.749725356877988
1.66879391667849,3.87565407981607,0.746415265208602
3.43913280371562,3.8571420355597,0.745816119708394
1.06444081777576,0.364456192616788,0.744417331602383
7.9283751119589,2.46818720745416,0.743870323417717
4.41405172102453,-0.506349772747719,0.742431442053472
1.33789816001824,2.56600908990384,0.742247322410136
8.18862864648836,2.96573391303476,0.739359558017322
-1.30291787551373,0.187384128625997,0.739036459029304
-4.4754914510945,3.41655322192734,0.738190149772055
-0.840436720429091,0.976500304367595,0.737438843134281
1.02982972934998,0.167442716980939,0.735984613099753
4.88475427277532,1.1253381911751,0.734862701234011
3.54502414684928,4.10604141194042,0.734698686773419
-4.13071661473693,-3.770227225982,0.733088293069198
4.86268755880669,1.59679666508365,0.73144447585476
-2.31839700889497,-1.18642015187964,0.731177110794551
9.03746876966633,-4.05316989454123,0.731052765547114
1.75163348846385,4.13329874719727,0.731033197254814
3.32143173871633,-7.44812754074166,0.729531664715774
0.257156735823549,-0.648310648012456,0.728846705131327
0.295298354650416,0.737197493408293,0.728747012058317
8.86155179933629,2.08610261521149,0.728633600391854
5.59759125666434,1.25081157193526,0.727829853081872
2.7907182846861,-5.8068232873719,0.726332391294996
2.63210693343103,-2.35576445567231,0.725806847632433
3.86052715326996,-6.60630327771727,0.725419806872165
5.70605109310374,0.426563733258419,0.724571052744338
2.55401240336687,4.11558448561398,0.723503831226588
1.87684736155193,3.75211690951207,0.723212351399511
0.754732638668341,-3.19263885161866,0.722910510414213
1.00806075002689,-5.41876179964938,0.722902212705963
3.61502181469626,-5.63855251987538,0.722852497509317
1.93846168738955,-4.5612267680782,0.722010309119185
5.17853697952772,-0.192017588062493,0.720885581956166
3.90869044109836,-0.813225282709613,0.72043442341241
1.51321675133357,4.29167311267518,0.720145111338171
-1.42596827540562,2.09756154210879,0.719758143587538
2.12252235418123,-6.93336698201573,0.717704999330239
3.11229502416074,-3.92725713914463,0.71710292853671
4.46336888940076,-0.216258411218246,0.717076985254137
8.23304134663543,3.67220371422978,0.716786117639766
5.69404745337975,-0.16081612205875,0.716545123849273
0.697016310310934,-1.37637173710505,0.716143404173352
4.44506840884187,4.29632090626792,0.714431603468312
2.47118032875384,-5.77487605523117,0.714250915630423
3.38834305873935,2.09959140612342,0.713462963573469
-4.57709759765826,4.09104049575378,0.713173844718595
0.334273286760976,-1.95664229818576,0.713101235876176
6.53846760077543,1.11845019830018,0.712378177217723
2.66944041766436,3.98090464342087,0.712166092931118
7.74432317785607,-2.45387632266687,0.711384290608042
0.176695461272305,-0.403088793718731,0.711211378235121
2.44702094746626,5.23446728857154,0.710965775957986
8.95428417051502,4.23044841738862,0.710946073654112
6.50979667117573,-1.1524281930504,0.71081926276227
1.16317159878898,-1.42994588234626,0.710191711815818
4.49111581457399,0.0772056752769983,0.708742740680188
5.13988400386899,-0.119826017284794,0.708256403129839
-2.18198208067352,-1.88782359492154,0.707521831786119
1.77849592514297,-4.30799256129688,0.705305016228185
1.52619329699919,-4.86106157702965,0.704775078010775
4.09975680469487,-4.98831966057924,0.704759647993882
-1.28075751721693,-0.192231669085291,0.704385633439112
-1.99197102422564,1.75588374799161,0.703006946748559
3.21110383319725,5.09636678577957,0.702826865665097
1.11850809462945,6.85534687457507,0.702232746873722
-1.91355270045834,-1.94577424669731,0.700968168105941
-4.06323167606958,-2.66722018408387,0.700188052454071
8.17719136222623,2.55196472410145,0.700010787115544
-2.1936020686528,-1.07735124484451,0.699810309963145
4.62122493104302,-0.995149674240457,0.697959901740397
5.89712604093342,0.600607040542212,0.696682866566769
-4.4952740516749,-3.90086186049205,0.695345786837157
-0.115539192027965,0.849173257705003,0.693672523547332
4.37656613029619,-4.64922449197723,0.693114722291966
-3.53615185496779,2.94801144834445,0.692827350753014
2.18095135810007,-2.82084005617859,0.692771902397534
5.49433389025178,-0.820680362949083,0.692631845746482
4.53168652546496,-1.06435079275584,0.692595637581332
-4.36039604204755,2.07529068924428,0.692102917576212
1.70721237928478,-4.30245228114156,0.691500431569156
8.45345762954358,3.5509980475444,0.691384346313129
1.8052080844884,7.5077564974544,0.69064961216794
3.48834699610838,-5.1548828626393,0.689227156573691
1.74735367879452,-5.08184135597204,0.687604873565562
4.3655691911771,2.7969711420719,0.687495542148362
-0.782334110687378,-0.624552546789536,0.684744796401204
-4.50187928842186,-4.31722604837492,0.683866245193096
5.67510552751213,-0.269148850094243,0.683244897206819
3.18650703956347,-2.82418189610775,0.682648677314456
-3.9399417884641,-3.01194929782991,0.681165911366609
3.65397366235861,-4.59077557327887,0.680998859019619
5.49530059926399,-0.967578008698774,0.680715367335349
4.44370899599264,-0.960156977622841,0.680512499907259
-1.9601728718716,1.02790126850969,0.68030000383426
3.48943107238375,0.177362037660328,0.679109128924205
1.31828902583454,2.69094011844589,0.677993603946473
-2.74376262889856,-5.43447691528919,0.677692582721508
3.37917427381207,4.42294514155644,0.677404121412249
-3.20225861408115,2.79313132159842,0.676611828240673
0.494784948842731,-4.13046419035329,0.675925655452771
4.55793536891574,5.17585888150161,0.675746017062071
4.76568562569024,1.32150995561977,0.674780053020466
0.0416275117768542,-4.23626281078404,0.674263474223439
1.76682720113347,2.00505109290354,0.67342035547973
5.60987581636796,-1.04762672311269,0.672902590391761
4.34712753581814,4.05790262041711,0.672261012274996
-3.9586116363566,4.48369091941518,0.67122842448529
0.0361190093703788,4.0429651067411,0.670801554728319
3.44331976133227,-0.941372781837711,0.670037723900891
-5.12071872808892,-4.58295100069715,0.669219589863462
-3.01981613114997,5.50927684615715,0.668891890597162
6.75688401359762,-2.96898919202188,0.668852110465377
4.23100756600139,5.0399698241545,0.668329432392532
7.2522390331329,0.21987933248375,0.667915668666055
-0.420999174997438,2.73150584434471,0.667345253828467
6.89959703994205,1.15191770046306,0.666923887493582
0.344766109997556,-5.00136683644803,0.666657658934229
1.45931949354692,-0.0838840397924193,0.666172923425093
-1.94442789908948,-0.167580638521039,0.665972320196787
5.21780391576757,1.69340215618001,0.665962911597237
0.459414541715379,-1.64507719833437,0.665952658167183
8.45739245633167,3.72183350076732,0.665497035209598
2.56495077146435,-4.87445019326591,0.664999761490536
3.29026153125939,4.63291451403709,0.664486933060698
4.52011870704965,-3.10280967659745,0.664182018232489
-0.122874755238426,-0.580242785170435,0.664171213999681
4.30533545721874,-0.852059127776774,0.663526497591302
-2.65499710384391,2.95158364822286,0.663366058114468
1.14981226261078,-2.89198580425425,0.661885170082349
-3.75532442830738,4.53533131785134,0.661128012505206
-3.48119309498501,2.65017678936818,0.661070188508658
0.362187088720267,5.64524197568731,0.660764606580188
4.39482064377328,3.90783063178218,0.660619213831722
2.80817921958835,-4.26598888713069,0.659607899871105
5.79357302062946,-0.321635750928931,0.659499258682687
3.24332211291833,-4.36553407037444,0.659160639404063
1.18159473401075,-2.60804937147329,0.658754831111479
-2.31154067783098,-0.769154894038541,0.658634199792011
1.60906968018685,0.615748630593798,0.658395219382041
6.70521934271129,-5.44223162316657,0.657235620945329
2.00315386311337,-4.45537416196646,0.655415182006452
4.47003689021559,0.144637237628953,0.655194575631037
6.10490141456463,0.52146209394169,0.655084718830424
-0.202404390250747,-2.95076102165164,0.65399202762338
-0.210066906391481,1.13809786644233,0.653680489141961
3.37727898880726,0.759617635986327,0.653507579593622
1.21618832315933,-4.24265545015514,0.653503683238883
-0.705220080603967,-0.27044522401357,0.652925428572687
-0.816944874588806,0.791039366564787,0.652336903215005
5.66005308434107,-5.12292405679643,0.652121753386507
7.55789383815693,2.36654481972177,0.652103074056525
-2.93796231197748,-1.64800548404746,0.651944586042318
4.01517703467323,4.48169962450749,0.651804744161998
5.38968001610571,1.04867185748015,0.651642575816274
2.6543106425782,-4.01692626988188,0.651281567887892
3.21283155830609,3.710540410868,0.650137074272911
1.74635893932072,6.02281098548789,0.650077336367253
3.95808258973178,6.46248571422429,0.649140095465182
3.96400580675967,3.20317293261494,0.648998983635779
2.60024262625698,-3.9700744070376,0.648718427952036
0.235395160616152,2.48836204988781,0.64871422684784
-2.9585394266454,5.57257314031289,0.64808242930311
-2.49190161170275,2.57301438861754,0.647433852190965
7.84782529779556,4.99330141877299,0.647239276219489
-0.0929057181676298,2.36053720719593,0.646434031564301
1.7400823199728,4.69117471692579,0.646151519851531
7.67404361873381,-0.489822492429248,0.646080101204586
2.45379169821061,-6.15117588295493,0.645534916927679
0.582175538025546,-2.7993578151021,0.645498055101209
8.286391309277,-4.16877370242943,0.645408605226215
5.80486036948074,-0.0262680525461624,0.645274563468193
5.931743033503,-1.14583506333594,0.644525504855913
8.90317459130383,-1.89665424785265,0.644156385057444
1.01506774474148,1.42320328759775,0.643897976844095
1.25383763051662,-5.26371995028708,0.643055650530162
2.613554389332,-3.69716542877349,0.642815044961492
1.80946455536027,4.95210719982839,0.642336593514775
2.76541706975143,-4.95161041966727,0.640437864920956
3.17731408070177,-4.76785197497419,0.640301938393158
1.00270152291244,6.91557241106719,0.640074489081261
2.05441392664677,-5.30401049611226,0.639646132656319
7.6884219772221,-2.96822171724159,0.637759120207539
1.30250320315289,-0.700220321741517,0.637046255531473
8.3361794576444,-4.40079207813226,0.636910461616637
-1.44130162585091,-5.22241004961824,0.636693375044191
2.03738613549187,-3.58201883600821,0.636461697776425
3.95776347522258,4.65387008161121,0.636391877671659
0.379230811894732,-5.08144724589432,0.636066435732454
3.51865286416632,-6.85488216971578,0.635761064033623
-0.510004326262098,1.77247503159425,0.635416197896596
5.59976535142353,-5.0263505457391,0.635300352650485
3.89761287376859,1.52419411239778,0.635262283542391
-0.584045678416931,1.30580469106431,0.635211199582886
-4.13472898203625,2.30365804329414,0.635088837739605
4.21425081296044,1.51882081481413,0.63505554732524
3.18544553966348,4.79167624731172,0.634859587382024
3.54882478653867,4.97657092764329,0.634654616223142
-1.9590303383078,0.772740906889113,0.633984457481093
-2.10303433763294,2.13257348026387,0.633941960332011
1.11689589512059,-1.98604785140122,0.633579414099073
8.24623563077006,4.84270357581293,0.63335040262044
5.40389160834232,0.465196993675616,0.633218148568685
7.68496522562615,-0.650325787674625,0.633146620594728
-1.54224903700853,-6.14658845825643,0.632686172656684
-0.284712288418849,-3.40591313583219,0.631930167392703
1.4274768732023,-1.29534170868319,0.631544523651797
0.62851206853675,-2.71096851095551,0.631377876923556
1.90603882547148,5.37831050475517,0.630725987891503
-1.74143439673234,-6.27284351240944,0.630085478458547
8.86336950589318,4.52143635364429,0.62958221495136
3.94408470649732,-6.50802342409974,0.629421922815915
0.710636263650408,-7.43198394245169,0.629082792061432
6.00948494412745,0.206725233440337,0.628937830321466
0.32300415832951,3.99106210069199,0.628795840347371
1.90661826881032,-7.37351377586483,0.628297932250136
0.767662042225927,-0.849166652197108,0.628263575035511
2.39438370810619,-1.93030285827766,0.628129777130922
4.14789705920771,-2.40051099141572,0.627452790852794
5.14306776041617,-3.08812385644638,0.626903443271171
1.3934966828808,-1.52820895378922,0.626500452202894
-0.912168698861372,-0.22108226169795,0.626160261125456
3.16223353861839,2.83582075059515,0.626147160048517
7.18781883932093,3.03954462384787,0.625922356784173
7.45022416302828,-3.27317490433626,0.625700791622659
0.47267611976208,5.47366044484203,0.625431892631794
-3.8825863242979,-3.87762562172395,0.625398120951117
0.347795510181645,5.14247752775754,0.625166559145114
3.80481914068251,3.40337230166007,0.625039867489469
0.780527928220063,-0.912939641571983,0.624885517883685
-1.17786002490032,-6.09677265841183,0.624881693388844
-1.7606037417979,1.05655251295041,0.624349644831403
-3.14012389787889,3.29072573191748,0.623834334518715
2.18276534981775,-6.46364233883886,0.623184984370333
6.29239676290799,5.04888309188979,0.622951893701808
-4.28512737410109,3.8814012284438,0.622717096769218
-2.02344208295067,-5.46498824281439,0.622665176205557
1.51523820832512,6.05222962080369,0.62204048522898
2.16531964884122,1.93901941242382,0.621630091448812
7.91000650757269,1.40577421079454,0.621067028920684
6.7108672369878,5.28839928524623,0.620831925948145
1.24543084546127,3.8508137239748,0.620805925302427
2.29278323621662,4.70175616871213,0.619777383764094
2.62554879841384,-7.91233375578251,0.619677965084608
1.48859530565944,-6.12530224212494,0.619296707932109
1.55610988311667,-2.8522046132497,0.619275536128865
1.08351697193957,-4.32233247564956,0.618854000308594
7.87351142896779,4.4999046623109,0.618084802941615
-1.45625648062257,-5.28391041098513,0.617859577141698
0.393729914197818,-4.94839028975181,0.617831511107744
-1.76094297520781,5.27157582842113,0.616818891510524
1.06002101141738,6.10634675152756,0.616406785458096
-3.7288970789913,4.35767035550191,0.61637864009903
2.19524337469836,5.23013126081848,0.616125138704604
2.95333978588062,5.05468866088085,0.615957443002112
2.67087752624932,-2.75902580433728,0.615956489979208
0.820113125174104,-0.104388607821316,0.61487328629311
4.13744530403526,1.30131350455531,0.614842744725392
-0.110205619274167,-6.69855409022827,0.614526779445118
0.544488808141793,2.25242644669399,0.614184765589063
3.50761012751857,1.41210440059089,0.614014086560079
-4.12899810431091,4.46790468382129,0.613716042610885
-3.58488848899644,-5.39071162330417,0.613091009006252
3.06207371217597,-3.89048319518873,0.612842471782524
3.30647324076508,-2.75860027988889,0.612650142266437
0.601451950512429,-6.98438597066299,0.6124713665173
7.84059001536142,-1.13410150283697,0.612017891125565
2.36623969171389,4.36122203368288,0.611851976759047
2.02581657519829,-1.58033079267928,0.611063438130848
8.68463024769227,4.44080567304435,0.610110358601853
2.98277885981869,-0.891497605156996,0.609790149333502
-1.66115638280261,-0.955802673797235,0.609747752286777
0.921061376760898,-5.36485968753698,0.609558933909951
5.31455358370374,-0.023230803705074,0.609285774637112
3.28512518174003,0.524358026673755,0.609132098415837
-3.42470229898538,3.42326464618549,0.608394011507597
0.762254545092137,-6.86168079552689,0.608346436791025
6.93647308589587,-3.12048748094513,0.607976277351942
4.52832224857461,-3.52690420106303,0.607915973884585
-2.13389603567986,5.35561085997746,0.607256835983916
7.3831092097076,1.306965220333,0.606785689804421
7.26833199463676,-0.960765055704769,0.605978247856492
3.44351998453984,-5.64394117952762,0.60583226021821
1.16897091715938,6.64808422531712,0.605548954269919
-3.28658755725324,2.56949867735567,0.605421928312276
2.4051156393936,1.22636028961003,0.605283901925157
-2.74848393223884,-4.70287828732405,0.604879102223174
-0.23858029816234,3.66585271733677,0.604693776819704
7.49252860706492,0.377446147773924,0.604663270343666
3.8426800791386,2.702478218304,0.60429141925082
6.33926516113145,1.10145715898884,0.604146614118403
1.57625226043201,-6.72539425273698,0.603991070564067
1.99855928959065,-7.26114533964238,0.603823008168943
1.6300071584415,-4.02900632159885,0.603557131334728
2.44128473376716,2.54367847940541,0.603492416654021
0.321624748579269,-5.84089451873118,0.603439815881443
5.34474025732325,-1.52353716128991,0.60335492850631
2.12010692790221,-1.63407101458645,0.60300346922805
7.32167768046349,-5.23463643190837,0.602293742083524
4.45204309080086,0.655118756280144,0.601992836374454
3.11195581046279,-0.166386360378294,0.601156405126549
6.84967543380308,-1.05097122787839,0.600978577644966
1.80983906282693,2.31502415192833,0.600826537319669
3.18328378329369,6.57361466283036,0.600690631325927
1.75496626453358,1.06090045577196,0.600667092360633
-0.249080046417692,4.70064339066897,0.600575193671604
2.88065102771683,-2.09374657523551,0.600404529394122
2.26928904955508,-7.65096961045665,0.60025824246536
-2.44782852544755,1.21558549219079,0.599931030833945
1.2014599620064,-3.66815640387164,0.599674044271268
-0.696450362502288,-4.88384642434683,0.599670887974838
3.05389246308929,-5.09475551609515,0.599438768019488
2.93040647637219,-3.64902036101096,0.598754471848605
-2.89954545712955,2.93904237521111,0.598739156969302
-1.15220721361146,-4.77198356315916,0.598416028349854
4.14684354335974,-3.65045337947769,0.598258729658801
7.51428824961027,-3.53975161215339,0.597832700013379
0.929979496419211,4.13097687529357,0.597520877815205
5.67381976104272,-5.41467529286952,0.596854575165196
0.252123402557581,-3.30294654513742,0.596747489213106
2.1753628702501,1.96644343019394,0.596029038791722
0.817301154569108,-3.78019489846408,0.595996208405314
3.90797339455656,-0.443498464441925,0.595913208207048
1.01100959831705,-4.1111822129681,0.595682937913579
-0.477715442532076,3.11835246362872,0.595552264972472
-4.46040897317289,-4.63651703585134,0.595297831120133
2.91608343290947,5.71376250697649,0.595020129050859
-0.0755593872956763,5.77030602949363,0.594176158730388
1.93589068977698,-1.26575605710167,0.593929508720808
-1.02619312411408,2.53751585163302,0.593898812358908
-2.84487635749912,1.84454908067462,0.593484294024217
4.21533534622254,-4.43098696821274,0.593347741038993
2.59789956834763,-3.55461669264314,0.592945204547578
5.11417285092956,-1.58973205608063,0.592679712054435
2.93537378911865,-6.11640870153378,0.592616013259699
0.387768651156353,2.58902762595865,0.592495648447385
0.122460004490035,1.88058005544098,0.592484943856638
5.24821925262384,-1.38458142371801,0.592422657701039
2.82676797363163,-3.59278058698756,0.59180956628166
4.57492499724723,1.7001159997109,0.591755503936277
-0.307029359494727,2.25119053760488,0.590728702267457
7.47966377019416,-5.18478496028746,0.590717735299156
4.69937073984526,4.78131904112541,0.590630711689865
3.39756097563727,-1.12765424977804,0.590449112755219
2.10557844737896,5.24063390283247,0.590136553306149
-2.45483757122044,3.41946944894481,0.590075995522715
2.60341220534719,-6.21995098435207,0.5892393182046
5.60761680895557,-1.73862394458323,0.588814867383499
1.01036705244297,-3.04206739836856,0.588748207540008
0.437681902114736,6.23109994805685,0.588449628818976
0.0571160134584692,-2.67084795582822,0.588020006609765
2.24449005182791,-1.8560036888094,0.587898741029039
4.08055902147727,2.38556869490906,0.587803049270959
-3.30213673067465,-4.99624747653095,0.587567168419941
-2.72785096351207,-4.10662222642359,0.587296651382011
3.29877060001209,3.91508178634891,0.587171213663968
5.20563328390509,0.380595475632315,0.587151870029307
1.9811599407924,-4.77427851939308,0.587115393946996
-3.25351005345611,4.75177155387274,0.586650343642421
5.03084473254114,5.81460925543862,0.586458866246808
2.30181630691255,-2.06283681203463,0.586325550243613
3.0629644324436,-5.38103336947585,0.586242201862664
2.25486298821158,5.31207907673711,0.586114470870892
1.68930876509632,-0.500690860926817,0.58611112651642
7.76673417947308,-4.304075881311,0.586050577279737
5.860911734802,5.09457057378516,0.585967824927635
-3.05392734370139,-4.6891834131503,0.585745702530375
-2.47873717869921,-3.17960784807403,0.585481194597024
7.46404003854487,-1.17045733815706,0.585388327747019
5.06955039590548,-2.16929580703364,0.585296703372292
5.56143028248189,1.70265900020986,0.58484210761258
0.941437310466527,-5.88069523589054,0.584677820206792
7.5479934115115,-3.03408910153383,0.584539963435455
2.3719491978249,2.16727281963491,0.584396613401861
1.10094361439375,2.92210995042205,0.584288006187651
1.84052621566588,5.88729806262944,0.583980448541318
7.87668140139231,1.49464748382742,0.583819561837788
7.72241851049073,4.27667678595976,0.583687443303218
2.2151181157292,-5.45332028487963,0.583615961284008
7.12016046114246,-5.02147293149536,0.583603552466158
4.28607538126138,-1.05129506767236,0.583471278403603
5.29420298669328,-1.27260464680724,0.583180171486009
5.83243680686701,-4.98096621803999,0.583161051596356
-0.425480670699796,-4.32552302292387,0.583159055109461
0.822259663667123,7.40069954440632,0.582837780326131
0.885037080704579,3.4871921730646,0.582718323598228
3.53512118589933,4.94629639289117,0.582657356715849
2.05214980648095,-5.86799572631504,0.582604539712205
3.93240040656173,-5.96152527462228,0.582539102844929
3.02103109817625,4.71170686381754,0.58162092715923
0.220800381055625,-2.39493924986869,0.581572891656344
1.15053777319984,3.01912971428402,0.581559258662896
-0.545455531557676,6.0804776197421,0.581514818823355
3.63509295174506,-3.28671570945132,0.581366040338923
0.688540378425273,4.99851829935527,0.58136128632483
2.4801264374241,3.31071715631643,0.581080226819325
0.386985430084208,-0.255022826274478,0.580855687612078
1.37510516155508,-6.59955564151993,0.580415387856892
1.61797216496436,-1.61359171554214,0.579955669972568
-0.608892532408977,-1.48103818969987,0.579939116109522
3.59563469348203,-0.51918349338562,0.579789576857061
3.22454795098051,0.916364860951399,0.579454352157003
1.79365667459737,-3.68722133397905,0.579095477672061
5.99467591810383,1.11458218785646,0.578967321882042
6.4238802264625,2.13013152826021,0.578866279238445
8.25287903826553,2.05502183963178,0.578781103728024
-3.55738989881197,4.29952722409176,0.578437964298417
0.146067725313782,-2.62416754126785,0.578372101713085
-3.52236343190344,2.34476089081945,0.577756668327509
4.66310117312322,-5.19402062073397,0.577751175529397
3.4714164556704,-4.46101756595105,0.577484112192542
2.25387993717785,-5.30433421997571,0.577368495908001
0.60425672283496,-4.39230445388671,0.577321429562062
1.3646930203777,-1.91424517116388,0.577186295454779
3.73409506342201,4.59304033055235,0.577102992660218
1.69635978740203,3.51532109912355,0.577060496609833
5.14292307804027,1.61233222881845,0.576875649091724
6.94698950359165,5.03062878259207,0.576863978777035
6.98921824071174,-1.05303365299067,0.576542199825952
-0.43347253891262,-3.20467624130969,0.576496864155176
4.20687735232135,-3.17743602554386,0.576439540486645
-3.70446119429012,4.01039256808913,0.57643658856301
1.267732950081,7.25436035824707,0.575759523212087
3.7740190842401,2.80420758820581,0.575750623567415
6.46761874777269,2.53770919735911,0.575249624255267
2.46735208925659,-3.57696296553686,0.574958056724248
3.20864917971174,0.866976097452625,0.574595919933117
-0.94458543951048,-0.731768396747547,0.574396982561812
3.62569216436826,-2.65417611504669,0.574325123171218
2.54496869126619,3.95677272781171,0.574271457871628
-1.64889969088768,4.72929396856833,0.574017969017264
1.39840267876654,6.48322161988724,0.573766051275132
-0.526347023355819,2.31999809967612,0.573708727772691
-0.685182416535512,5.83280545934614,0.573344002363492
2.92457031266112,-3.60228889818808,0.573215593339922
1.78441197786077,5.29557467703657,0.57316823196775
0.0348266447395245,1.80909201976005,0.573084236540088
4.24984051959794,2.67065058782911,0.572897236588733
-4.26670399659068,4.52728079917743,0.572892753100228
1.14132850353539,3.59837549530562,0.572688705243394
2.12216960931855,4.25601751382233,0.572687465664027
1.62494403370335,-1.89830036454906,0.572441100762771
4.399113863914,-5.22038655220827,0.572302457085861
-0.5675416209918,5.19825084994012,0.57220223306745
7.56511638870015,-3.4057855089727,0.572189406173488
4.99089228558779,-1.48814854501045,0.572036227718387
4.80159276365058,1.48276838722122,0.571959010632552
2.79555506708761,3.74050300390479,0.571830307528624
3.1822914397861,-3.56370066911175,0.57143134379656
-1.95895891070715,-4.73704477004942,0.571412027106339
0.107907863987638,1.72631827322954,0.57122959766872
1.84397059460352,-4.67973472987673,0.570433051520634
5.50117697178146,0.192240242100783,0.570387079581362
3.5229617813133,-4.62083217601781,0.570242187032187
-2.25950885405337,-0.775569302263809,0.570163223965519
3.36975383349391,-6.37020509125008,0.570099105244626
6.58349581853947,0.922424873290095,0.569615598659223
6.85022305461265,1.97735021865389,0.569481382805414
-3.99092105833831,-4.56879381875918,0.569155615042464
1.34294173329059,3.87069403841332,0.569087658660353
7.30400195000432,-4.80830052962144,0.569065072662643
2.235346111819,3.68628763340775,0.56859076634177
5.5409017578039,5.70230127990204,0.568454734487343
-0.437732501691086,-3.82135773124083,0.568032277474134
-3.15019353804551,-2.11237435130931,0.567404177106641
6.80134118014816,-4.14878331934839,0.567242050300851
-0.203561680904548,4.46445848964003,0.566900218651846
8.31932558388758,-4.09873054241694,0.566831399987254
-2.02785003431975,1.0240438915754,0.566726074115472
3.82972959876881,-3.90914919003677,0.566499944680117
2.52449491361708,6.79995818995607,0.566412798322166
-1.42017653295299,0.573917537014356,0.566292524501088
-3.46413161134412,3.57119542532723,0.565965157515629
3.45951188070195,-4.33421476025113,0.565920694466342
2.21233358923874,2.89217291142078,0.565680186961198
5.3240415241175,2.03767180045191,0.565519521000489
1.67274050180827,6.36465878251293,0.565455251859623
1.70595670551952,-1.62274213403969,0.565435083956279
3.54625488795633,-1.37149725098413,0.565044502893054
2.62609558990473,-3.62504247214986,0.56502792041493
8.21826373687701,-1.70186781350732,0.564847522568295
6.48612253329707,3.7695791761189,0.564065336506356
4.41644212607818,1.46895673776632,0.563722526556333
6.05806280850328,5.19383033808104,0.563694758715233
4.89446594941104,4.03646287574035,0.56365875326888
5.37990260389525,4.55767402907235,0.563575429646014
1.04138193604308,1.7162788714954,0.56348590164077
0.434269461823644,4.58298145683097,0.563462058781091
1.65853237522464,-2.12304831062572,0.563361950001501
-3.34658600954368,3.53064444200993,0.5631129428119
-3.41425439830515,1.26332715935238,0.563040859825492
4.55717315383191,1.21525534488683,0.562654699600967
4.83081355570208,5.50662491091796,0.562562155795888
6.26954941693237,-4.75189549446032,0.562198258432664
6.62877574074397,3.86309721271554,0.561663116592242
-3.07886567712729,5.057562919902,0.561633458276638
2.28681823597112,1.83733357157622,0.561342563901297
6.82084319457152,1.44013342099599,0.561117342964773
4.59991273215814,-5.86746760145278,0.561087093079731
3.90003385362627,4.66415646379799,0.560816225564368
2.15635629517249,-5.46969058855597,0.560787270631724
1.47837203339384,1.66471716129084,0.560669367116528
-0.995248247604974,-0.773701253406748,0.560662366264074
8.1893567931235,-2.02164773690841,0.560656344642139
4.65800260567,-4.71014256806116,0.560474659725564
-1.39897162104873,1.64750023456979,0.560366190056215
2.64067907166425,-6.54048590741504,0.56018477192578
1.42354736286208,3.45937577409723,0.560156967125806
-2.05898636930832,-3.54956573061153,0.560044456409057
-1.61651585700782,-0.374404763168447,0.560028189500904
1.62201486297972,4.22351534569449,0.559982950116153
3.30959549141842,4.17829379070439,0.559964236527397
2.24039259687546,1.45999666402815,0.55986911330964
3.02307848423448,-0.304960227309788,0.55983918275605
-0.781194087815813,2.0439606827196,0.558983713054343
-3.37980223605514,-4.23816376948544,0.558851998292183
4.57910450264215,5.83690075571182,0.558744875398656
4.30953762281617,0.546146990969454,0.558737098993124
3.92281129785562,-3.64857708648369,0.558479385376391
2.93830248239541,5.19162331337161,0.558446839506678
6.71458799273063,1.69522355587636,0.558353999117449
4.16920853621019,0.757107223321925,0.558210342070655
3.50838812892306,-2.26516137259773,0.557937288517289
-1.07947129905786,-5.54007203516186,0.557897380061889
0.0736417846490186,3.70495201660383,0.557833348332687
-2.09655493445777,-3.46602615553239,0.557788505059081
4.23368269834516,-3.90003355542823,0.557710113772161
7.94819369133424,0.804452836155783,0.557534644579737
-0.948833279869897,-2.18563585171674,0.557500981484353
0.496151607205172,-4.111912947502,0.557329773610919
3.72186643979501,2.08373694068263,0.55725838162485
4.07053692610572,5.97996836256306,0.557051209815651
-1.00529528733917,4.98398357165185,0.556875836854347
4.25276658088126,2.7825640628644,0.556312442934014
7.29573378813804,4.95201443038818,0.556080066086123
-0.396863498616227,5.00557146976141,0.555806768854399
2.18113108022007,7.23003881077759,0.555451527119165
-0.458252124562704,-4.8796669056429,0.555156200211328
2.15307439427614,-5.0527391203518,0.555133601906399
-1.86035010512962,-2.93462513399328,0.554935582098307
-1.21583776241927,-3.23793469095902,0.554760278453922
6.05183535645897,2.7315348020043,0.554520413077456
5.23319675609247,2.08907239838797,0.55391830398728
6.33940586663033,-1.6784694508404,0.553896094316788
3.30791748381577,3.07207905278791,0.553567330525174
1.3681995892081,-5.74106833018347,0.55350078235101
3.7999616323324,2.41716885597076,0.553198060838742
-0.349728809547437,4.82817110010744,0.553156137633974
6.21295564341942,-1.06541106579046,0.553151261980102
4.50874920040617,5.83879254586069,0.552954040023661
1.95379074581758,-4.57203833160599,0.552892368451574
4.73022651870704,6.20599247194216,0.552596427396939
4.61526746462798,-0.930396855315653,0.552482733410914
4.05395444538112,-6.06925340118507,0.552339000695949
1.77892430981117,4.68219414353031,0.552318993493959
3.66433684125586,-4.23620832437104,0.552005682426167
-3.17575597423024,3.70737626168478,0.55162472378445
7.88685849601016,2.18882608545537,0.551617531543901
7.53005908202024,4.87533619883815,0.551570411751812
5.90308398819406,1.32654988670781,0.551479175776094
2.20945918593255,-6.41615735232546,0.551426362973935
-0.818619778019805,1.95041692952629,0.551412954342807
7.69226467692874,1.6361057747656,0.551310481536392
4.03674496743654,6.15121985370123,0.551264287798114
-1.8166966308315,1.21515625529655,0.551151597745863
2.01409807236102,4.8289409270364,0.550881153668846
3.10478320911322,-0.562607474192322,0.550767695457664
4.11681302225941,1.87480495000553,0.550708544001196
-0.346104054069674,-3.45956353623985,0.550467493771405
-1.33629153877073,5.70112164816434,0.550284564179461
2.05757833573522,4.02158873887236,0.550049496879111
0.471524888444812,-3.73911972375931,0.549803590183543
4.27977271556004,-4.96783411502804,0.549523150523324
1.31618516450235,-6.77433143109693,0.549468376026279
8.44009309603084,-4.4014331991164,0.549347282619031
4.6688392748192,4.8576443553834,0.54890210173363
7.65147326213931,4.35301293139731,0.548890298607002
6.12253927168334,-1.41169480608056,0.548245894046573
5.33574697522734,1.77052862249102,0.548032951157131
4.48286632377978,0.734283959893511,0.547861437695544
0.871739282059432,0.257319649882665,0.547834413708503
0.918217025980068,1.87926762944308,0.547642747311735
1.42853429619245,-4.09351604852102,0.546978363788094
2.91032474590082,-4.79193422869324,0.546842303959855
3.77673865027086,5.42738699034558,0.546717145592286
7.30242966266401,1.21862878472944,0.546435309701512
3.53978984446262,-3.52811506889426,0.545847946491514
1.86213573261407,-2.72438410946481,0.545552261622836
0.288844046436371,2.6818007425333,0.54549822043774
-0.843106461561867,4.40423913248954,0.54545506280001
1.38517635405662,-3.93952446251772,0.544559780526397
0.00238090166967487,1.86410126805313,0.543855424265582
2.36314107384814,-4.88130872596619,0.543585052012812
2.88109138011591,-4.45132253469942,0.543582187814342
8.79516206899933,-4.68907414017884,0.543423108167177
7.87576601768981,2.14289706661348,0.543395619344386
-0.421554958011736,4.6598412482486,0.543071820387877
3.42564077575086,-6.06949337609148,0.542743422082528
-0.578700787248888,-4.73747437765309,0.542221318123296
-1.99861620198364,2.36538333958292,0.542119592808337
-0.343377190883412,1.77420448275933,0.542085044280165
3.18769737883991,0.348659197394718,0.541900030897837
6.95675995204827,-4.87285863945442,0.541605069669355
0.843890617442074,-4.82154110005604,0.541358891424046
1.82112645071385,2.43932359365698,0.540984411894237
5.21602196147677,4.6277111646383,0.540956950678893
4.47865490188419,-6.40683895564929,0.540886629059915
-3.63344673607506,-5.03474987128944,0.540843877950841
-3.31850024329795,-5.02689104540164,0.540784486719385
8.78164651532512,-1.61440602413761,0.540768966139117
-2.29303945534034,1.07638286191338,0.54074811103456
-2.09875179750017,0.234321400629656,0.540707523984841
-3.2362818795905,4.59863342836101,0.540566606005423
2.81228636264058,3.01192981909023,0.540494570978512
3.93802882191311,2.32363760123894,0.540449975448859
0.662408361985096,-2.22892272260489,0.540434858739833
5.15938873848178,2.04795428111336,0.539891749796307
-2.57451620851417,0.920587483445104,0.539838882721109
0.866953375851204,5.870638028608,0.539247384115632
5.85012958666477,-2.52705428676066,0.539056601495761
4.56806812318862,5.02056300172066,0.53905103418284
4.92872890888949,-2.25256172838203,0.538801349596039
3.65699504596453,0.75399857020068,0.538768235956002
0.785613810281481,1.64293695173981,0.538477288880737
1.42361123390984,3.66019728786464,0.538076501886046
-0.461455456400466,4.17906320388292,0.538041981472719
2.96962695128318,-3.08465193737386,0.537775547735957
5.29471573124935,1.2609099659892,0.537089077754094
-1.82793742634632,1.95396535137309,0.536781530629871
-3.57389822142557,4.25241435149139,0.536396880048797
-1.93978255968201,-2.06008531077373,0.53621282588834
2.38440670212661,-1.26707174574924,0.535904343593937
-0.883164921084043,0.501442585068317,0.535825046255993
-0.329855928163182,-0.466142290886688,0.535279670671487
1.65771421085487,6.50538884752609,0.534987638927304
0.392726703004849,4.04845707478534,0.534976941473359
2.96143689827645,-5.19704400638206,0.534856463726536
7.15451161005064,-1.17694127157563,0.534814335004197
3.44437235361171,-1.12466245812494,0.534486895067015
3.95424994020494,0.960882377350047,0.534432890837593
1.24203909745695,-4.0034167758849,0.534326432237735
-4.16071351896633,4.60136754567275,0.534326146840626
0.888373702915507,5.02224997168759,0.534247815415626
0.197401772206101,4.08675414217555,0.534220269768983
-0.692979136935333,-5.624951471559,0.534095974719577
6.17534353766821,-1.51326010523255,0.53404854003111
-1.04106611301763,1.81853509340015,0.533694876345628
0.994415668358803,4.58615213195782,0.533523555390419
4.76844878912876,6.31363085022183,0.533428381786264
4.35570811511409,3.22036091662102,0.533223560335705
5.86009671191551,-3.08441397255003,0.532975630730095
6.97846350770343,-1.59660422164952,0.53295522163816
5.79341023660385,-1.39099057286645,0.532698168998692
1.37358092455673,3.99565372852094,0.532462988013822
-3.23329218841862,-5.07886034323256,0.531927433671169
3.47856234975653,-2.69404237965173,0.531806891623992
7.6096377370232,-4.69206396916084,0.531661730338868
0.565876058558451,-5.98288421320729,0.531499635628076
3.95296597600142,1.73039110886617,0.531461868747914
-1.89020020456217,-1.63170602886983,0.530838053993604
3.10181614901117,4.95832568008668,0.530685593250627
1.51268377156009,-3.45811013126264,0.530602936370005
3.8589467817397,1.13603031351986,0.530586213431132
0.623997932527186,-1.82289440450016,0.530552897504736
-0.514167646046667,-1.9141962482248,0.530389163365254
-1.64390397596989,5.58196470014748,0.530271482089521
0.0238014302452247,4.62951607912107,0.530252226186707
1.29839075722125,-2.47045800653907,0.529405591805762
5.10472252122119,-1.87587381989314,0.52871913854114
6.55310940103985,5.03987138092245,0.528433749579051
5.65482833513788,3.35879968678369,0.528165403685684
2.85335796852986,-7.35150526885863,0.52798624757487
-2.37449698510136,-0.481293149685985,0.527855887072442
4.08688607845814,-1.3117319276032,0.527796928850246
1.94861064205363,-6.77197529492876,0.527719567777847
3.53520477394056,-3.39466114334299,0.52744192531791
1.91028100598309,-5.28584830337052,0.527373457237928
-2.31898184109671,-1.94481898287586,0.527323813410571
-0.756322013338556,4.77844297369359,0.527201099371976
0.865261022044461,5.70617227392178,0.527135789265014
-2.27248454442669,1.12454518347877,0.526728115773592
-3.30059610114314,1.45641006234338,0.526611018441233
-1.98387041360728,2.06404659148717,0.526254526160582
3.4221598694736,-2.48558623064345,0.526175201283771
-0.0319963992087118,1.55024293345283,0.525895994908942
-2.915235035051,-2.42628607881853,0.525242675012175
-1.50263885360732,4.90978640070729,0.524715156631562
-0.213324268681203,6.37331599415087,0.52465851019076
7.199675775602,4.67842280092547,0.524620653607158
2.52047577223223,-5.08718076390693,0.524605396391271
6.46604423067971,-1.07521269795446,0.524521493868114
5.55439649788026,-3.97232589889302,0.5241958574739
4.42147879144638,-1.97636639795978,0.523762067350172
-0.57922177111899,-4.20293858701143,0.523648960979452
2.82463489714538,-4.72587197816269,0.523334735106339
-1.22079616304916,5.64319982682705,0.52320631390575
-1.82477985040691,-2.58482989992856,0.523179768122505
5.87777005689315,4.43968520953887,0.523110085823629
0.0237175494449519,-1.94283197932387,0.523100012866053
-2.45149178077187,-0.392442766623972,0.523049216439887
2.14689568110773,0.761616209069443,0.522658200947924
0.959809007264184,2.53215145023533,0.522263013991571
-0.228669369454127,5.38483849100489,0.522143093743343
-3.2878168441935,4.15376073474861,0.522090493748003
2.61180115233046,1.58117529464147,0.522055992459433
5.2513369276293,-5.64961061237569,0.521932684155275
1.32150001946947,4.8751755467229,0.521672994350528
1.04608439924425,-2.43893732810694,0.521614529107263
5.73728404639121,1.36371698175863,0.521359490713419
0.461908199467645,4.3012583744395,0.521289521015234
3.06924091564742,4.79439870567235,0.52125123883284
1.75351646384144,2.32413955416574,0.521027014949038
6.60375047408552,-1.43843999870293,0.520864159170238
-1.05626133494049,-1.92176682460234,0.520818254098666
-1.25534064602634,4.92367785563717,0.520584151289084
2.67334174316261,-1.38407963040145,0.520552993411713
0.163958297913301,-2.73794854899513,0.520199229567159
-2.76181299363227,0.963023629165686,0.519979565878002
4.77736403829632,3.17945797785376,0.519888148217935
-2.46769139034572,1.70715130385202,0.519837257260809
-1.88267137017264,4.3707567531755,0.519713246216548
-0.374243449069421,4.3837152005326,0.51959942146674
3.16460250694646,-2.20587471881424,0.519042450811719
2.46032620746954,1.0029065338935,0.518857422326422
3.13480272603013,4.58159840215598,0.518607730964407
3.45023696220692,1.76862277239482,0.518484997353931
2.75941938386498,-2.30370238383176,0.518357737565298
7.57573565153515,4.82521503800787,0.518008383018837
-1.61837382420252,-5.22537831769899,0.517815382173602
3.3516180997595,-1.46222786784804,0.517728414251337
-0.14213586886372,0.758215728519005,0.517388872296299
6.16639333690541,-0.546640346379117,0.51733953225961
3.63692468574856,-1.74396055070433,0.517126110648696
-0.172654465945841,-1.38018959039398,0.517110868303038
-0.199542077918154,5.69231632985435,0.51702889995409
1.94527542889721,-5.23855231277341,0.516987846536143
4.32108949224627,4.62712260489605,0.516884238971073
8.40213398500474,-1.56521137796161,0.516718833417988
2.88298383872308,3.84846205232216,0.516398281120251
6.15320959458941,-4.56484558328196,0.516379495398885
6.95303127738364,1.46022093377894,0.516310526974791
-0.0719755874016021,-3.66710881772525,0.516060163334
1.60273643328953,4.77169414494126,0.51577558399946
-3.9369250693133,-1.752600475745,0.515594707929617
-0.349107909734716,3.37910617123792,0.515303069139725
4.56092442234248,-1.52973363047183,0.515196366250327
4.47043221625686,-2.07329072054952,0.515080078242001
2.75667002292797,-5.58994115406225,0.51503392152782
6.63473185882618,0.0929326699447333,0.515015737398335
4.33939210454394,-2.29429343634255,0.514950763287816
4.70949511635653,0.726134570408213,0.514868556851377
3.16937097881245,4.95683382124537,0.514646826302743
3.81650388377276,-4.17893874133266,0.514065650415785
-2.70788727002012,-5.2381692453735,0.513909966010349
3.53806544168335,0.984641100047084,0.513581261943183
1.44432903778246,-4.98682933859674,0.513238384776635
6.50073061612457,4.89863632650965,0.51321935466952
4.13928520531779,-6.22168909393119,0.513182429469497
2.00260851074536,-5.30089520944399,0.513103631180552
6.72400714049106,-0.0237311063479906,0.512890240332705
5.71962172337182,4.98912481669194,0.512835638836983
7.25560983768911,1.39483499797287,0.512688691996919
6.5997709041426,5.2302780025078,0.512674259662491
2.94823321999333,1.81106794356321,0.512410610149372
-0.825667734999296,-4.24262567026936,0.512247642211621
-2.26662275640922,5.0648383638848,0.512219191044415
1.73088951250685,-1.70267823639357,0.512095642850168
3.18849094350768,-2.23190630963389,0.512052717063411
-2.37530860368299,-0.852301716780178,0.511987108673539
4.48913800592543,-2.14421137835565,0.511935660769628
3.25598910561384,-0.186165317555672,0.511499916156794
5.92666592582309,2.24576929296901,0.511461882362882
3.77272990367912,-3.10014825950498,0.511453314523723
6.85135752485562,0.87778266385308,0.511442557102922
1.62183663491056,4.85975891141505,0.511255923832295
-1.15226824265085,0.886625279765755,0.511171541463597
4.81350556971881,-3.45806687238328,0.511072689803646
0.37440609901939,6.18482114339651,0.510832283591348
4.7530383402557,-2.2739120607214,0.51039515446595
0.278144194426312,-5.09043255154118,0.510136560529018
2.39901022878864,-4.80323114396539,0.50995311486391
4.56875436761194,3.11867964790712,0.509835332857046
-1.03069536993357,2.64912886525542,0.50980609375933
1.43155474385534,-1.78113356962828,0.509800854145566
3.58903050903103,6.38853401570162,0.509485871010096
1.77940634328986,3.42652496539837,0.509439803869982
-3.68883264810086,1.28243326031347,0.50911701645252
3.81367632903552,3.93858066174288,0.50899016824534
4.36108652743971,1.51945288582373,0.508960003008008
-2.44520944707986,-2.36382035115979,0.508951595178929
-0.0107343147719215,-1.64243211096597,0.508880929351184
1.5805453762303,1.4444172308454,0.508655475475761
0.016142030155961,4.5233242728402,0.508310983351196
4.27145826182151,6.33224779758755,0.508245644653437
5.44656637903161,2.75503503566287,0.507705944961387
0.573938571699659,5.14808628204075,0.507403789566616
5.65486166732362,3.05663096658785,0.507370902839318
6.04444706745719,-1.6009530488675,0.507232429205586
5.34039862732417,-1.72060477680135,0.507046750637362
-4.48550532366831,1.46474528246351,0.506734651619939
5.64350695056298,-0.905144573372377,0.50644874432676
4.65222912721239,-5.88524812858669,0.506409298926298
-2.4160549588388,-0.199053114734176,0.506114082458517
-0.815340087339291,3.2688297796915,0.505991172663827
7.081070477198,-4.67038218827167,0.505530402505332
1.17796881122445,-6.11234934006468,0.505488236720403
-0.112628183647172,1.8035272716329,0.505117733668507
2.41281935127413,5.0430817967479,0.505057502821617
6.35229492142806,2.17744093614847,0.505028676472623
-0.0508129172043397,1.28862053680012,0.504883195917738
4.00401981637472,5.24328583301974,0.504742225891638
0.0405546831967288,-1.23066619404427,0.504532018828689
-0.188599369795877,-1.68299352319068,0.504405691422715
2.84693492739162,-4.45703312231069,0.504398042381166
0.478235613073704,-5.52549198628168,0.504279042754473
0.298330537430522,-2.03699743528812,0.504242345795725
6.98195078256468,-1.88188277729254,0.504139733913118
5.91733729400254,-4.13057521315316,0.504108992713755
3.20862066893881,-5.53377475394813,0.504069345586628
0.375554492843276,3.20402826591748,0.50394402275544
4.3885958635054,-2.75687681092272,0.503542636363792
1.8914722510454,2.0752296327538,0.503428024318622
-1.67995694968569,2.9451638594004,0.50326938526065
4.6228154313882,4.16330114583108,0.503053551515256
1.84588525464734,-3.72328964659245,0.502977404200147
-1.07462754148415,-1.28854684521472,0.502926961403036
3.86328296130531,-5.70682858787666,0.502838794364341
0.929695194295848,3.87837690276208,0.502588856832635
-1.30738550017833,-1.80677207270038,0.502529027606241
-1.29557465203164,-4.81972266494041,0.502425187971639
-0.141711693872505,1.54111684511294,0.502339806980415
4.71116781846164,-3.95485935605938,0.502148906987284
-1.3662120518254,-3.55336719292371,0.501891405489761
2.57983152077119,1.5383888340209,0.501879100843694
0.676336914075528,-5.31698069967084,0.501330918524103
-1.15042039723527,3.16839162240197,0.500549480138427
3.34096789713865,1.43819590970295,0.499983764750696
-0.955783243067856,-2.80855426146037,0.499677005432241
1.24299856341544,4.75919366879295,0.499539245541225
4.17362592788934,-1.39703429433019,0.499232597400807
1.16637513021229,4.79044022674596,0.499220328213689
1.74254985857315,-4.3741168938363,0.499152187641906
3.54582825593122,-0.976843291164135,0.499076677814882
0.916371818099295,4.04827004355147,0.499035576346246
7.26274757496006,1.79147953594803,0.498260286157126
8.20544951689827,-0.971493472077718,0.498105768892379
4.74178034199031,-2.27827719660666,0.498059632353795
-1.54076105732594,-4.06570618013258,0.497964249419124
-1.37353253657749,0.177304842713487,0.497835923495144
2.63241655032121,-5.8797626968806,0.497634304190462
1.30784737036047,-0.233601018670354,0.497220917213342
1.79511539803941,1.59626987149215,0.497159870605874
1.507530330648,3.05202839177372,0.497110027013015
4.88552627889972,1.88749598055243,0.49664822507777
0.222920444293794,-6.05361780456365,0.496085506071692
3.40569509726881,-2.06674580199058,0.495938240204972
0.236222040473927,-0.976968609173167,0.495526585485021
0.940702040500388,-5.27373636984966,0.495463045758297
3.5417386442366,-0.755034968817912,0.495336366024722
5.7889941706603,-2.94460390466878,0.494935085520813
2.77392623498281,1.21058636461306,0.494599444838412
2.44932003808947,-3.65040029032761,0.4944279665551
1.63301582260099,0.878317406137329,0.494279085752191
8.79933062737353,-1.33576845082782,0.493750546411595
5.60610840732718,-2.93707100059829,0.493455527539649
2.25804889984311,-1.9373187555383,0.493252666505457
-2.39634617853411,-5.11799469048276,0.493029912102309
8.65900080137312,4.83347327530474,0.492815741438225
1.78853044968501,-5.54687536530178,0.492680162750449
-1.32764911364582,-4.83670238487499,0.492624705110695
1.64343742849132,0.327692629102079,0.492140708641644
4.68937198843441,3.69518273230054,0.491602751337027
4.54627540031371,-4.24749918424073,0.49087896899913
7.03154754913066,-1.29825189777152,0.490315552787829
7.28995355976393,-2.34842580590358,0.490306641607732
-2.95817519833777,3.72691544046093,0.490059875792066
4.94202242447413,-3.44447454549485,0.489944559401323
3.42970310502536,-0.890801731091555,0.489573948630035
2.79353065029796,2.9739678639862,0.489266474780822
4.53936373625327,1.74211359249318,0.489207630864708
4.64712595914315,-6.09685169696782,0.488986963215005
3.27332814100718,4.01844307619461,0.488690221920509
4.63706171754704,4.20624965014268,0.488529693675422
5.23775545350448,4.97217744372384,0.488463669123954
8.90581865944666,1.22930925359511,0.488200346418105
-3.0153609790093,0.679188471192966,0.488128802190763
-3.38576892774715,4.31052929085035,0.487973726951123
2.00547046384245,-2.73620330202144,0.4875240217761
2.31701771452816,1.93547306613345,0.487501881110881
0.808250548495421,-3.65032435959855,0.487360762462623
3.36904634487021,-0.276096634080117,0.48731675404691
3.58559284808065,-0.697980943282734,0.487223733564604
5.26087269119424,2.70055749439206,0.487077814638405
-1.59171161080415,0.0867270416674304,0.487054562716002
2.33441027508472,-4.84423605660887,0.48688343681278
4.98906899382313,5.34838499154215,0.486868707376517
-0.796987444883759,3.93629473135495,0.486492367788846
-2.62869605543132,-5.04326190709085,0.486239582109261
5.83529050104359,-2.12826376440939,0.486213746114224
-1.01677993245181,-4.77573083924919,0.48599136299129
-1.84088099461498,2.61997210934532,0.485003264304029
4.38601223616276,1.30908992608406,0.484885559034336
2.65764200132868,-4.98914369464299,0.48482307301087
0.141678765624843,5.08185805331609,0.484677993701263
3.31421692818965,-3.15913945927502,0.484480127193067
-3.1690984956283,0.679073109445567,0.483881730106055
2.28320318030205,-3.69509543160186,0.483720478435355
3.1952923898978,-5.83973029370824,0.483651330139509
4.68683141759487,4.51895839594131,0.483632673961578
1.59816809708557,1.91642542359224,0.483608600838441
-1.45247587983402,-2.30417623970431,0.483397111622368
2.12209098310598,-5.538605791073,0.483392125715531
2.86414356800616,1.53062484551216,0.483143103181265
-0.737765753876736,3.95346224275758,0.482910744709018
-3.2713731482305,-0.697957144086415,0.482483569680247
4.82925385819591,2.30474484663744,0.481950107789206
6.72001420262649,-4.72788289362333,0.4816995685327
2.63857590761552,-3.89351234003644,0.48106502932681
-3.09054356771582,-3.77515364727172,0.480957287956121
6.41144324449646,3.03224895234893,0.480826371343947
4.93554924913082,-4.19978448395378,0.480751769610046
3.00150288998127,-3.35717457238585,0.480730138654216
4.83563999714449,1.89146764580936,0.479627368500215
2.91687211355378,4.60694313899506,0.478682538252641
5.97627129723639,-2.29525059136356,0.478484179831798
-4.02134585411309,1.52772153617137,0.478472977782842
5.06738743771501,-4.99364362618259,0.478470492717151
-1.64390116641763,1.81749913414547,0.478462805976691
-1.52340777985317,-1.7989431106629,0.478069855451987
4.42901934160227,-4.42421831953985,0.477232601845703
6.16654514245611,-2.20762061180242,0.477229073678263
1.78473086268334,2.84799438983389,0.477202513350224
2.96660165229443,4.19582407489378,0.477010325994332
-2.51536596059025,-4.49485225348724,0.476692584934833
-0.59131957853881,-4.71399074698208,0.476526045907968
1.67190059870653,4.69964799959899,0.475971635090645
3.70741383219251,2.99579741654021,0.475416081640154
6.4416363097107,3.38096771275596,0.47506515427548
3.52426838013901,-4.25445837322694,0.474788168260635
0.743635491907981,3.64055337699737,0.474677223868634
6.18405915419298,-3.78840501349244,0.474248321733771
3.7689515408887,-1.98298017539583,0.474228058386398
3.89295928731226,2.32828690242473,0.473827165528645
4.39814082504414,-3.97664134286174,0.47370095176147
-1.5882319438791,-2.19132264996666,0.473294102145944
2.99334450749766,-1.8053385051403,0.473131929145067
6.09820295252134,-1.69331670150758,0.472118440685511
1.3497733441896,0.486518489563785,0.471653830456703
7.3233172086659,2.45481102637201,0.471336499922904
-0.86468982985277,1.88203556365031,0.471119863620056
4.13420924505674,-2.12215276734149,0.471024966464823
3.37261048579029,-0.792779141817184,0.470840858535388
4.68380144249681,-1.93708391484916,0.470432276757397
-1.26506084532177,1.59947560134513,0.469813995186532
3.79509501479505,0.746562357594217,0.469578422934288
3.91699238407388,0.755787542160653,0.46942849954114
-0.442464880429175,0.430767038281501,0.469129325006556
-1.39528781391449,3.45211552260136,0.469097635470888
5.57639193673521,0.585269947127631,0.469096749806916
3.07807298644747,2.05305357520859,0.468800442364668
1.75709151875658,5.29157255699846,0.468770094383755
5.55592918183387,3.10734586770915,0.468717345202415
4.69007461703079,1.97169177718387,0.467967854273148
5.81047153283782,2.30031950414916,0.467238667547935
7.27860464007455,1.57380552596519,0.467233070744799
3.87468195416239,-2.62468166599055,0.467025032424333
-2.31410763943284,0.297630670267571,0.466954972845323
-1.55782196596091,-2.34495930701575,0.466946676260552
3.01770062214215,-1.09030219171076,0.466916451556873
2.4964730916004,-1.89342984281425,0.466775861009125
5.22961279326919,1.25412255846706,0.466772687552137
3.50847461622616,-2.83935933699952,0.466763203209768
4.4032617629126,-3.34990231917047,0.466663184575838
-2.74769254606066,2.68499270681465,0.466463047026132
-1.29740495158775,-5.42575752557101,0.466457076945999
4.27951856701266,3.07909326746161,0.465936185109948
5.85886153175049,4.02776081903922,0.465837118021144
3.7958631412785,-4.5428027798446,0.465735233626711
0.448427371562574,0.571589345118889,0.465116254388957
0.188573367074301,4.22041711487993,0.465113061784695
6.7445179226929,-4.61734681141136,0.464937128150701
1.37191319303617,-1.09297834650967,0.46485994096374
2.94562829878481,4.5733765321749,0.464101393324286
4.33917668033281,-3.39784630362746,0.463954287799107
-0.513947626117323,-1.64102339671086,0.463911882301252
0.0113582765975406,-6.0949346524802,0.463323849395064
1.84644854702045,3.00911565851791,0.463250766817387
3.57092168942293,2.43247636818744,0.463214151440046
3.58480676400389,1.42856232766447,0.463100026901248
-0.478824631880395,5.34862775722403,0.463095108751008
2.25392611072494,4.41330882206515,0.462755595253538
-2.05076303875126,-1.64513176671343,0.462686252868319
2.0287394650921,-2.95504344419416,0.462471760817607
4.83567661099272,-4.71466220091238,0.462244299933297
6.20303552890829,4.66452135207479,0.462210391470903
2.70175677191445,-1.76616925910467,0.462057049346074
-1.38326340775957,-4.96681498827741,0.46146591864498
2.15325501261037,0.925512039825948,0.461402779506691
-3.03461813022719,-1.54105190002549,0.461222488553064
-1.13918071257695,3.65897968358082,0.461201638788226
0.523147398135101,-4.52267549048044,0.461078251106779
5.95977396761902,2.04530170012494,0.461060583467926
5.5403305315922,3.34286422814194,0.460710081701138
0.383615039376169,5.18664745069978,0.460600867019538
4.09481089070852,3.33188700702659,0.460409193399941
0.747231911775035,4.21659869413532,0.460268877523351
5.71196098180008,-2.88295987690384,0.46018535119181
-0.604258772886684,4.87906752536948,0.45971296061906
-2.23588344439416,0.327719714915683,0.459609297818665
1.73426301224069,2.13304853362239,0.459456333165313
5.70626869634176,2.05879138102991,0.459198962693411
7.20751908352551,-3.54194005053309,0.458813598158057
-0.828270819419258,-3.65974200893471,0.458776666011543
5.2777581957135,-0.817036596141159,0.457297308268167
1.14963566293139,-1.88406110537391,0.456907465183713
1.05424083125615,-1.11155945293823,0.456453112918318
5.36544888746301,1.92729368527478,0.456326384493217
6.21873505433979,-4.22080834850615,0.456316107925161
-0.729309673622759,4.35665103908304,0.455944992963994
-0.00451753811962204,0.923822123405521,0.455593380184571
-0.947995565914989,-5.14021351346779,0.455537579057678
2.11036785174827,4.18021322312928,0.455138608828527
3.37890477588158,1.52310383682184,0.455053694994733
6.89663509147099,1.90483633849323,0.454779281801791
-2.34128795822113,-2.22129287700212,0.454502626796914
-1.24627206607929,-1.97933129572167,0.454368094040544
7.88152584370687,0.195711511895086,0.454094288336068
2.24051931136049,-4.11531470594545,0.454018016432259
4.82462135475977,3.65506312275673,0.453077154834848
3.65568089145193,4.02211597326284,0.453028541492261
2.46390494138146,-2.18998877313635,0.452944906403432
1.99313994567526,2.15883976598201,0.4529256831227
6.75542352121177,-1.34507908170555,0.452863003346567
-1.66541000850723,-2.27675051573147,0.452411034757392
4.8282111235444,3.37567618468852,0.45207698253833
-1.74715811100413,2.55861358965514,0.45199740052619
-0.883041558008149,0.220727827066387,0.451933721952128
7.06124874429626,-2.41309049368812,0.451790193409766
-0.447814177738663,2.84075967850676,0.451338470223526
-0.744598853919366,-1.65675708883399,0.45114457747517
1.20580361533954,-2.32387224511577,0.450710536257412
-3.96910784669935,-1.27401728778213,0.450614107651416
1.78385074582222,0.211385614091978,0.450554643025588
-1.48501146062689,2.99434762749705,0.450412621672641
2.18265482192992,-0.788340676741059,0.449873743044055
0.959965956421879,5.02872926825745,0.449617010485357
-1.68496519274262,-1.75613118057798,0.449496109951929
6.64758027111987,1.61053454945488,0.449027042955731
4.55994784656613,0.00210275801479916,0.448911570230688
4.74583242122372,-1.54057223691974,0.448900863089051
-1.4544157351635,4.1443667988597,0.448210298096993
-3.6773304104094,-1.66771757550119,0.447981625081811
4.45726385889726,2.1543242058436,0.447588808104636
-1.79689163639396,-3.1463616383151,0.447352783753266
-0.215886728841559,4.84010017682746,0.44722879717234
5.08743798196389,-4.96647827789299,0.447061211447164
7.25593153697331,1.90028117261455,0.446520472858082
-1.24581890461571,3.95609064043609,0.446446953660006
1.94340809339078,-4.95135739794972,0.445883252886102
3.63816603186521,1.44935646825329,0.445686770738846
-2.59322937512244,-0.00410140965098734,0.445645346392045
-3.3841016229696,0.752623354714632,0.445451071540019
2.53063585481477,-4.66464330003759,0.445018027319217
-2.07353764869663,-4.95530553013456,0.444803698980313
4.65036822913226,-1.52686064268077,0.44476938863201
4.5764958537082,-1.52814721553375,0.44476000023637
-0.858693219151441,5.74960922320344,0.444504589412055
4.27856483127814,-4.21597845407394,0.444193613992947
5.27246507596132,2.62140910692827,0.444029558632676
4.0260972621555,-2.4118059126107,0.44394673728434
-0.721281909005962,-0.56523710539283,0.443801948758279
-0.856544004085894,-5.45028804950263,0.443671297278361
5.91461610834923,-1.74996583244276,0.442996964238955
5.22589015917897,5.75069221138392,0.442835086075341
0.369953308202806,-0.883626975487809,0.44277468493994
1.42622092983506,-2.45664190857269,0.442547064571315
7.18197594911122,3.74412780445765,0.442403883115049
1.35544404383047,5.94404797511155,0.442380923608158
-1.42968991529324,3.25826591937305,0.441304043956781
4.75709527954759,-0.582570573856791,0.44097803545339
3.46010064218575,-0.713222216627452,0.440526854756875
3.16248502187794,1.76372717372381,0.440493247710348
7.24104092639051,-3.36149071863762,0.440166755987877
3.36925697489337,3.45585644507972,0.44016572378558
2.57840401203888,-0.396043653630875,0.439493645347768
0.363616994599149,1.52701020933204,0.439492080019615
4.16605651605403,-1.23696346140897,0.439271531470217
6.91266176044378,-2.48429023045978,0.439005487000005
7.12815558678239,0.429957233179755,0.438892524489
-1.06297609833152,-2.74215207605101,0.438113084230341
4.25890769883887,-0.649794324878964,0.437751938959288
4.08584088895295,-4.41896529952293,0.43769901124903
3.8790332621037,4.5570973421447,0.43736843173707
2.7053811848002,2.55651588796173,0.436028692983769
-0.620717908697259,4.44934721623834,0.435810238684736
7.0655535701724,-2.33972686371158,0.43576057588265
0.670563053789468,-3.59222749228808,0.434785946573006
-1.90923247039313,-3.88265034233549,0.434762181265948
4.68397775369484,-4.62736637062655,0.434595034998881
-0.535949704989474,-3.67055097686714,0.434376447008469
0.0236372868154798,-3.73120618097319,0.434143786090525
2.61040762314653,1.8130185312601,0.434091057163273
0.471982362497103,-4.46577870117267,0.434054654299197
4.38935708293896,2.18011943651278,0.433053702017087
1.50965483929287,-0.787135512488086,0.432882868756606
1.70703428773493,-3.31308314075136,0.432757403604991
-0.21462552863827,-4.66757107130348,0.432693225286423
4.5184910745752,-2.91489825047591,0.432654258464066
3.52681285735735,-3.43053243684646,0.43242500267647
3.88443220214568,-1.47125860437549,0.432347673773938
7.18224528020456,1.9359968246563,0.432300346590927
-3.09435650532946,-0.896228766126209,0.431589173729268
0.885261347661898,4.82910540405025,0.431519120693476
7.57412891185252,-1.71700665121375,0.430186344686936
-1.42785887591359,3.89558698457648,0.429833945672645
2.16007995659234,-4.23422459754798,0.429795973111869
6.60581030263641,-4.50463410967242,0.429460826833905
-2.35089914863126,-2.89224237111165,0.429383855162064
5.59923511008543,2.3178360953287,0.429114758126589
0.290005040496714,-1.07479787490714,0.428866690883944
3.79119111567024,1.55654538870838,0.428290608975621
-1.95069477273413,-2.60379992269877,0.428212128470407
7.05265153932699,-2.08122120722747,0.427868143945
5.86691111879388,3.70098886164229,0.427845311617055
1.61914902290147,3.18326900018624,0.42776417256056
6.9910632153214,-2.99445442484861,0.427729344346883
6.71145950273485,-3.09525669663463,0.42632247942607
1.7319162337313,7.47327758248615,0.425468623959879
-2.6849563128284,-4.43065248920685,0.425142102183349
2.97114702347926,-4.8721790135663,0.424428339080781
-1.22203261487118,-2.87789401791056,0.424010130222449
2.68588248764211,4.05045535032332,0.423486747225698
-0.304952618869751,-4.47349780470525,0.423396647700995
6.01423722128779,-3.90631186196758,0.423192476802358
-1.22404415836606,-3.0884247736663,0.423076811997355
7.01282825724664,3.74167635472233,0.422695508321815
4.32368453417707,-0.449872216872012,0.422619567754549
7.3263359517371,-2.89814301091282,0.422591286186696
0.689911167856543,1.90568775200705,0.422464322112797
-2.24135264787838,-1.63723509737246,0.422075963690029
0.703442880409876,-3.02243592543306,0.422022566023766
6.67512059757228,2.96771539752837,0.42196783743996
-2.98005301976048,3.37898623349936,0.421498213427199
7.33173469075963,2.91805842961695,0.421109357749533
1.48705279487932,-4.83364263260459,0.42103209872079
7.87278685625634,-0.668788978884504,0.420977439917417
3.832093359299,-4.12687927401629,0.419787821663944
0.338762072678469,-0.91295968973055,0.419785319005273
3.45101799314931,-1.20277736375838,0.418917671246703
6.75870851879675,-4.84009284435351,0.418554447405957
-3.29041931027181,-1.24693809381701,0.418527650091589
6.27303215813879,-2.81935062786537,0.418276555558827
5.78281714241332,-3.48642383799934,0.418192775056003
-2.33342360831753,1.86099809790723,0.416584090734272
0.601297085139455,0.728404196773237,0.416417338743102
2.67121498770668,4.49706308035515,0.415975710661735
5.46432877701626,-2.33255638938694,0.415611513116146
4.28467411879489,3.50749901908648,0.415396971473359
5.32627842880845,-1.67042686959296,0.41500016624261
-1.67441176851279,2.24628771861225,0.414913228403278
7.16616918157479,4.09765118866652,0.414506327579516
-1.81740198183755,-2.61639841218763,0.414266670353895
7.25552269120208,-0.430234430388017,0.41356308674467
1.35255759202425,2.22173014103905,0.413431752098639
1.14484536777463,0.945906630818392,0.411894600139443
3.89269261583431,-5.38109200330302,0.41170456023954
2.64720886169645,-0.835555309309257,0.410834400106082
-2.583787739573,2.96409246541801,0.410788714295514
1.86350146294297,2.37576466843204,0.41051707644597
3.1510541936048,3.36883847722869,0.410479186736851
4.46428249072584,-1.82967825088594,0.410077418355363
-0.796769497605174,-5.6452298159712,0.408954133168077
4.70576018863091,3.9458135021914,0.408496313179054
-0.376430529692491,3.50888732244882,0.408437729771714
0.218201381174563,-5.33344615361004,0.4081169937049
-1.93476571056123,-2.16924012508444,0.407973769985303
-3.21203944553836,0.986214151387708,0.407761056675513
-0.577270754823806,0.650846353626215,0.407721060667924
-0.397464539245248,-4.66954388476858,0.407701740257663
2.3821054842747,-0.458271858459201,0.407558985719881
4.97766275136413,1.83791847225493,0.407396054722997
5.30754498154934,-2.77364930672726,0.407278902392477
0.794731989771791,-5.17677430210966,0.406316325092404
-2.34992686082056,-3.04530328103169,0.406097522702009
1.62067626148428,-3.02086481200904,0.406052051841862
4.52947190078704,-5.62544048160358,0.405766662810952
-1.74064054172232,-2.47425162380959,0.405082359733138
4.40520650503694,4.1196104235322,0.404123400982863
-0.991296804087666,5.65033560524087,0.403870396315205
-4.59797340162709,-1.14706406654221,0.403563719613786
6.62785057527673,-1.91360344682952,0.403513810369122
-0.350113050612479,2.5258255867007,0.403154638671108
2.58690269678684,-0.626517416785795,0.403145794679251
-0.0526699019390006,0.630147804897248,0.402667168047778
0.488053383160652,3.80696988911855,0.401943636812288
3.36375643052177,-5.58840584219856,0.401800865854937
0.333883821829697,-4.3181984903706,0.400841339445684
3.49350520181094,5.97832377639516,0.400567027385229
0.37053210872271,-0.783442426388384,0.400434289343647
7.54508530357566,0.305205345149749,0.400386809086172
3.56247625515419,-2.39448848848426,0.399869038007668
6.1881957777613,-2.87856367220685,0.39974330242906
4.88806504382148,2.17419925182861,0.399554357593425
3.38179624737897,-1.06270714791824,0.398641066014033
-2.50700960455382,-2.67534122549753,0.398572100156077
0.315845636182999,3.29383549603606,0.39820342183716
4.13625675699666,2.83271344865107,0.397741487535487
3.97604845264854,0.435892579602879,0.397459793445536
6.76462256901149,2.48951371174519,0.396037648026389
-1.37732318008194,-2.92839185637015,0.395847056455068
-0.838652041364938,-0.436383705132999,0.395732274485428
6.94873147726496,-4.265162093655,0.39560253387268
4.83188794050641,-3.5835971182848,0.394978028731231
1.88842132731665,2.65380158388805,0.394427898623203
3.8855444340895,-2.17131190854504,0.393468704071262
-2.05611493324071,-3.15079884718417,0.392782223065738
2.97078245219368,-0.460696397338581,0.391690817030497
0.734213116366287,4.81005533553166,0.391665704147439
0.338916782529938,-4.45547933240619,0.391207597864874
6.64434622234392,-3.17601037332847,0.390614340856523
0.281348894182728,4.6040032970564,0.39043469124886
4.67300531314797,3.36043601717876,0.390383018434659
3.87266259764502,5.22605943396975,0.390255552062444
7.29695330348649,-0.250225253888295,0.389951899527148
2.80158104871352,5.02698994485494,0.388540997628236
5.04142463472986,2.93576979264765,0.388480446341375
0.0484749225305341,-4.41807101742578,0.388388350769501
7.31941794450286,-4.15666984024393,0.387590263209765
5.97947198566757,2.6026469571985,0.386483004718364
4.01821778562716,-3.22085109853021,0.386347864644181
-1.21103553506729,3.3972592302291,0.386316937244406
3.04364392601494,5.6027607869599,0.386255151051319
-2.943277039708,-3.78071226109168,0.385415616588629
0.440771567979644,-0.637464436457601,0.384675471508776
0.208898019021724,-2.52059548595334,0.38411247763557
4.66670580283713,2.83552174455847,0.383694279011736
-0.590114678883326,4.78214899762796,0.38343083581374
4.85922910001705,-5.21366931140214,0.383377439824369
4.84048931401385,3.11546627422194,0.383329064514795
6.69324483304291,4.27625317537796,0.383160752150017
0.506606239752281,3.18303328290696,0.381818772003551
0.312714858450913,2.93095698812777,0.380945830156023
-1.80144590241783,-3.39409574144113,0.380502085705334
3.60453092683225,-0.339923971103493,0.380152715118832
3.49610118987723,-0.513308435190271,0.379777374753177
-2.60206204496979,3.6398413282352,0.379532112476983
-1.04789744488677,-2.16134682284105,0.379490181376872
-2.08650437133585,3.37306725216813,0.379233299679851
-1.7247045228463,3.24241699563805,0.378856064581979
4.29533073306186,0.329894115075398,0.378797331324103
0.702536702774812,0.884902858721121,0.378365856626219
-2.46855581406974,-4.88416650278753,0.378170741012208
6.56439782736507,2.32001019406141,0.377693732910626
6.63355577772336,4.4006275868405,0.377606965228309
7.00324311136304,2.91284369727079,0.377228241147254
-0.12357111664975,-4.00505651921379,0.376653342522472
6.08419183752727,-2.80162013134928,0.37646425147541
1.07443033998788,-3.69577864607172,0.3761707725602
-1.78851959622242,5.2155956093448,0.374604838406223
6.1390792660977,2.52445005152555,0.374167420781876
-4.15011189020469,-1.04068265940478,0.373989773659001
5.69306093586242,-2.41629438470755,0.373765566958599
4.80013079393097,3.60494723606867,0.373499958195514
0.145544058233474,5.01256895154435,0.372717079944768
-2.67061986710484,-3.53278198950569,0.372358994238925
2.97830984687584,-1.54899927031395,0.371837070411182
5.72469412110707,-2.59070067024749,0.37182501230746
1.39781438551666,-5.28357287358385,0.371442538956923
4.95555299275407,2.8695239840208,0.369961462248238
8.42113474675925,-0.879238994844414,0.369534762849981
-4.52581035311993,0.999210623337186,0.368349511209064
4.916262812646,-2.59280030980247,0.367817987321715
-0.84906303901551,5.60743709506245,0.367624672780004
8.83777077244319,-0.624336429466665,0.366697814336577
3.40675839459277,0.708153291105926,0.365741779945362
4.89350798415256,3.51461228617123,0.365396897086172
0.248091450174211,2.32924647446259,0.36515222922455
4.95892517257807,5.36397046388471,0.365035816295159
2.57647232995541,2.74989827060257,0.364913201899904
0.384131317552265,3.2553339476116,0.362655469305173
0.951778729125568,-3.85094107607586,0.362209885721399
0.11598121150122,0.526957695668519,0.360959321276763
-0.96798220717296,3.83556273979229,0.360879980341436
-2.46084436992947,-3.66156959146499,0.360793264400834
0.010923654636908,-2.49510453078368,0.360295227116445
3.55767705090952,0.630631675623694,0.359588816107555
3.66875005751557,0.502052195320966,0.358255450504887
5.80402989333561,2.3795121165546,0.357044518587005
6.98501206552167,2.80718171998349,0.357017783802958
-1.69863202608228,-3.3055241220465,0.35700897528437
-3.99307919758706,-0.944155611099003,0.352832825323185
-1.37913143942648,5.25450314215045,0.352590637961321
-0.215281779621484,4.90716280113048,0.352242026313006
6.87155289177421,3.40484621563079,0.35101840026706
-1.72173445879862,3.55630658839774,0.349185065241155
5.47504045660758,-3.46098517549958,0.349028796287605
-1.86679880000021,2.71255677546204,0.348535237614383
-2.66283984646461,-3.92361059339311,0.347229453068207
3.75605455249851,0.948504443249564,0.346525123911466
0.0879120088347085,-4.03959969628929,0.346518167437599
7.12252494890173,3.51622958101211,0.345497173980422
2.04302649113584,2.71942077819463,0.345287304117737
-0.632758666904353,3.16621377093493,0.342822522546715
5.12515406536679,-3.82101765200237,0.341744578974922
1.86929273201095,0.457754568570899,0.341421097370242
2.03031463233303,-0.378028954397831,0.340742255746348
6.91355255491255,3.14064476358065,0.340224144017387
5.71338503790078,3.9374819848437,0.339823908814861
0.426618619688891,0.270076087042142,0.339102302669429
6.00142835090713,2.68419044858333,0.338580904614295
1.22419392286164,0.793837004530081,0.337886323170754
4.41372251518641,-0.443895859815346,0.336530381241566
-0.910480412255283,-2.53777596743992,0.336096918409647
-2.64758574734039,3.99310984185694,0.335965025628755
-1.47283846794364,3.90742104718091,0.334987627263027
4.614600665399,-2.21798824157654,0.334675429153498
-1.75634903713648,-3.74897018293049,0.33428958130572
2.19620398625711,3.18101248324746,0.33394833559624
-1.01538705102675,4.13712437780538,0.333121855493981
-2.48137541715848,-3.93771800631536,0.333121696376198
6.74861699953329,3.85242018973665,0.332530087155091
-1.81666384177385,3.10618584503135,0.330914759572392
-3.29127245989767,0.521385112464965,0.330380835886964
0.435493869359119,-5.87202522411907,0.329673129933205
3.80929516195964,-2.37032511960373,0.32871087698294
-0.209571364898328,-4.69120879757035,0.328408220549154
-0.717611665419233,2.44291626144381,0.326944899527148
1.42419597131134,-0.341738338469214,0.326373008157914
-0.376602394423022,-3.01450397361966,0.326192371351436
4.8595692422399,4.52699096825426,0.32590450915807
2.21624819957887,1.48736368861152,0.325470616591558
0.837952246243345,0.656819834650006,0.325173151068222
5.77249713423092,4.32527420666485,0.324270463991904
5.47421464108481,4.67290289676192,0.322783794709581
4.66682007719388,1.45390448512679,0.322581349752734
6.05430759412945,-2.62182804840965,0.322546488142308
5.46946272652662,-0.612322393414159,0.322506578894426
-0.959706854535077,-2.40354781061029,0.321444698542608
-2.0035296493146,4.44707603874462,0.320876366168856
-2.59749856877239,3.83762938133909,0.320443541178673
0.403675587353029,-0.107939397857126,0.31978189533903
-1.37498231473896,3.85785381192753,0.318778080550915
3.18423581184239,-1.33563036451288,0.317684588677962
6.67939814113296,-2.22432176199678,0.316418098931746
5.05312218861526,-3.31904415554901,0.316124637728149
6.23508523632351,3.71396696289978,0.315556095263975
-2.22918658790435,2.62851337453121,0.309848549284307
1.10426090128068,0.570863304199959,0.308918568107451
-1.91684178930019,-4.63612481373744,0.30865691126948
3.27102073380832,-0.244318104087851,0.308348390170204
-2.2395541922444,3.04165343336492,0.306524430422787
2.7106293894926,0.627625323805354,0.306519746527146
-0.630544257629648,5.69663284480459,0.305933876671987
6.75633925124783,-3.10347826148205,0.303503408283707
-0.563796001405672,-2.5013713647508,0.303490393402574
-2.19779986286811,-3.17362851459598,0.301066116458888
-0.619244839801812,3.30071153346575,0.299917089588183
5.7676772443956,-3.81391728550141,0.299645861551427
9.27009922012797,0.576648165835224,0.29959244553397
7.32288188335368,-3.6588808538232,0.299473744235799
-1.23667784319897,4.25639320183261,0.299308030316565
-1.05486254230505,2.63834440072731,0.298212509953046
5.20543630469127,3.75972989167858,0.298196052859012
-0.691538662651991,5.33823910047293,0.297937581130822
-1.73702876324546,-3.11908771837243,0.296209634351857
6.71445099154022,3.3892028171279,0.295660465058032
5.56257467237532,-4.61623600737888,0.294782574085644
-1.67165645623433,3.70294921858803,0.294149894304505
4.8585056365443,1.71186828409416,0.292308500268138
3.35599573163646,1.14847177579309,0.290460454121756
-2.22500633818877,-4.43674608318997,0.289224661880219
8.02892999773999,-0.321646620075646,0.288194281980402
6.31574578950301,2.46156699609477,0.287612275071195
4.69164174297102,3.65323220493825,0.286579194772023
-2.60407557271054,-4.34902580313473,0.282957105977711
-1.68218453350814,4.07354901080336,0.280159161001295
-0.533459031469105,-3.91635724535493,0.278744178326037
5.06142818675801,-3.791117932753,0.278454637145195
-0.615567035586213,3.96869256622538,0.275300763703832
-1.8289050926899,3.38453851679133,0.273959349831788
0.682865183770029,0.286720273876213,0.273597701667029
1.64068539064807,-0.308792561741843,0.27088544132649
4.13957625540056,0.181939852853168,0.270767608885417
-1.13109063009709,-3.16197986192174,0.27042456409863
-3.62619555789233,-0.173333749243322,0.269383443090948
5.78554152839218,-2.90462052418431,0.268337117082649
-0.392403727194511,-3.08727014879277,0.268261882757956
-1.91117643999227,3.73329476530316,0.268039401886879
2.15085016685046,4.35279360083042,0.267255287528124
0.340051831863181,5.265843689885,0.266900898815406
0.111830180938557,-3.71574027713974,0.266244249212716
-2.28060216768972,-4.32269656999139,0.265136472631651
7.76388892753289,0.0896859510107362,0.26316456126567
-0.212742767107665,-3.81023794181229,0.262698037421754
-1.34733556369207,-3.62586032168258,0.260478012749872
1.46753176911353,0.153795069220392,0.260034086763075
5.88898559930088,-4.54379584221172,0.257993382409562
-1.88792315944747,3.46363282589455,0.257785387701331
4.98694099290868,4.40217278451807,0.257169809926207
5.89868317596714,-4.06143202063094,0.254994845027158
-1.88508218363755,3.95737999203735,0.254219925974615
6.56551730895692,-4.33844215419319,0.25336190770288
-3.77306394316461,0.369184200488487,0.252837554220941
3.05210955604307,0.0672419562022303,0.252822515517114
-1.75635416344853,3.75693183596703,0.250994731580798
4.8882063581527,1.18608886629446,0.247179928858345
-1.12442327732604,-4.37940662026075,0.245282665024708
1.36333610219292,-0.230852814113449,0.245043178089396
-0.074973461816031,4.32785796742802,0.242845314895081
3.66059466672282,0.174430634010873,0.242094881265205
3.22715541624556,-0.378538097881555,0.239742396172134
8.56969897191,-0.0116785862226173,0.238568400540012
5.36985995106885,-4.00390041335135,0.238027141136911
5.61663713279227,-2.80771295196632,0.237308928269255
5.08413090238136,-2.37775647557459,0.237009230607919
-0.433836451193118,-3.24459190721014,0.234312542432266
4.91892551107468,-3.25100103274294,0.23375115388497
8.12002120333965,0.497041906243074,0.233694298213675
4.32666154461978,-4.59822435534399,0.230731052914281
4.75330724779366,3.98394582831046,0.229954757548049
4.18197921969592,0.939458390520576,0.229561084193078
1.40912255326089,0.36357657866667,0.228968691473392
-1.95103012974285,-4.54586470753317,0.225212058133532
0.922064402465126,0.326273447126835,0.22486801116907
-0.624160869129069,2.70257291751126,0.22389056662367
6.06916094788807,-4.11157486947999,0.223730641056304
4.67225093937835,-3.3263120289048,0.223648975544665
4.22555310773341,5.0219627205022,0.21791024053217
6.07061772180774,3.32067764419304,0.209778208264217
-3.96082004700227,-0.438990069191403,0.208840440706071
7.95442950334833,-0.136155618331236,0.208010067844809
4.47415852898448,4.18220245483777,0.207981692603076
5.31986735461963,5.04889649476108,0.204053758676812
5.95200537186068,5.032188310816,0.20303676308448
2.07649624451756,0.5135736451614,0.200547369173635
5.47507973373032,-4.7059031481257,0.199742833417532
-1.29009422496777,-4.62762585155026,0.199738894628908
5.18165707271565,-4.56387931387999,0.199552511440497
-2.21958316552574,-4.34442723468013,0.198324931316934
6.3776860951321,4.26313741146839,0.196692594178282
1.41371361373203,-0.00705229895448128,0.193642747301875
1.67284228324796,-0.654619216381744,0.191944490613737
1.13828178787718,0.360791500060254,0.190625271001257
-1.04976586438201,4.43596488376209,0.187362741661121
-1.52954430948081,4.2686193208605,0.184044253257988
6.19080585617694,4.19692586228534,0.183662380015066
-1.09916661684151,3.47620812162111,0.180610280751324
8.04317380368281,-0.267260682968314,0.177613271348106
-0.505645361064667,-4.34835708669928,0.174731142916655
2.68395239481981,0.020624672826752,0.174574701648416
-1.8927646414937,-3.99027145850642,0.174430276763275
-4.07260256900909,-0.510181375399212,0.171703393608012
5.56481073342127,3.88586016856739,0.171688953973472
-1.52639137423121,-4.65399957637728,0.169923950685831
1.84757124557386,0.00758718676156466,0.167501851409879
5.77912690635167,-4.18113950417376,0.165140344545138
3.15416866977294,2.14430815368129,0.16318241268729
2.62661266668425,2.38495405222128,0.160717817405494
4.65406702005916,4.40857401623948,0.157613329256014
-2.03108438106494,-4.64848919750294,0.156591588919919
1.51687325785447,0.122636287891348,0.149084490911661
5.20517600061196,-2.03087388322132,0.148043212764964
8.5899574004836,0.139746643980112,0.144826204662572
5.41413070942599,-4.30965171438283,0.143447334494156
-1.49584774386578,4.8803969962563,0.139937114406833
-0.893207107322872,-4.43575930470662,0.134014851942999
1.35242595347426,0.200485653620271,0.129307500267868
-0.745286962896138,3.48939662330345,0.127019082795684
5.48711189984768,3.80239087208654,0.122705438302321
5.42189417684838,-3.92696140656504,0.0986245944922596
5.73769479231087,-4.23830133277173,0.0926676906747229
5.42950523217371,3.83673507647437,0.0867772052595562
2.08976102679295,0.159328003622033,0
