3.6923825174051,6.48120457472469,0.986807519842468
1.8250947014935,-6.32154784571848,0.942228335249486
1.93758488466988,3.0038478588832,0.934180926673214
1.32760364395782,2.78203463202359,0.923370122416645
3.30176348403486,3.16709132805622,0.914898462244214
2.69524481209581,3.01729946632978,0.913830355443534
6.24711851681739,-0.794187585971466,0.903544037675905
2.62980127534719,-6.41425431707546,0.902662716386538
-4.48335183991784,-2.88620344064494,0.900809767460287
2.78089831612909,6.78619372698801,0.899455272097676
1.71004468096165,-3.02827066070299,0.898429418029286
0.396391670629392,2.8010444616202,0.895682838944176
5.74214866256779,0.0708608538065147,0.89501734500791
2.96852088767116,-3.19335040396781,0.893127833258026
2.35528104055377,-2.74680041619307,0.888837454677206
0.557088036356354,-3.26866202204167,0.886064741430894
-4.50952196678778,-2.97498214707262,0.884970797845169
-0.326798152542941,-0.0132563842187871,0.879649237748837
6.00262841505684,-0.145027526165861,0.877652760332163
-5.10520154229876,2.3817634150022,0.876847119135725
1.06571148342442,2.4539178341154,0.876600102800218
6.77316108896895,-0.969293877856644,0.872213189030662
-1.38840169001896,-0.350005118204712,0.869878512118939
9.48028359301889,2.32443519881371,0.869447210182043
0.447690942083272,-2.99787612197212,0.867777858165373
6.64690201481287,-0.244499092757785,0.867584424062435
1.74939420955965,2.67741482987624,0.865202105811804
2.55099160430379,6.48256656453507,0.864674583624795
8.6169141388166,3.1279071169625,0.86405060615521
1.97573662425668,-3.34904202288621,0.862840848810528
3.18121366551619,-2.45293210378511,0.861549990985431
-4.37025124833997,-2.85969682243665,0.861434292919208
0.984637424406577,-2.36484200615285,0.859899578041288
2.28193266656047,6.11980061460691,0.85828531587181
8.20223854485526,-2.81892525113607,0.857603318388245
2.22739250082607,2.49729726880158,0.856803357237967
-0.226332853271489,-0.011891877943281,0.855313813940967
0.701098544211604,-2.36114440368312,0.854312227183011
1.610736090383,2.60561311544735,0.854061840833461
1.03044975026719,2.64531433224654,0.853961810478015
3.10345607941096,3.31499936733916,0.853821230985526
6.45228192291577,-0.558359528766797,0.853371692213641
6.1130149975216,0.228286644915603,0.849998780814273
6.68841138325677,0.444636139641593,0.849295780946638
1.38095286908233,2.578618854897,0.848996168021939
1.81075670218898,-2.74009382882297,0.840438487934095
7.00463429285324,0.352715093281598,0.840228391603029
1.93419645794007,2.51270450952971,0.838890804265872
3.40617375003915,-3.19146387066372,0.838778236925512
9.13610204643664,-3.6665290947591,0.837628914779166
-0.645519228978136,1.13305803197284,0.835887881451864
1.83226292045432,3.39511136041824,0.835450217596451
5.97763271308147,-1.6788775780802,0.833171637487952
-1.32527850124385,1.75465323830146,0.831199435488895
0.225961334571331,1.31181012155768,0.82931353042017
2.80071578890383,2.92004203325141,0.829301850198793
2.48218525635677,6.91091079566283,0.828837170504996
0.821585525609691,5.67897619612858,0.824622676488605
8.62495925111936,3.28976340508497,0.824447220405993
5.70345052967794,-1.34225885747551,0.823005447359651
-0.434759707410893,1.88528492082799,0.821583427555549
8.04721758646613,2.87486256246202,0.821363509525767
1.64416377559407,-6.3650133485943,0.817708950835716
1.79297182325087,-3.41348072442322,0.817188642421519
-1.10163895125428,0.425451854954145,0.816367183191002
2.42336405312925,2.52095656965093,0.816230266899293
5.28550759329852,1.31279205242731,0.816009338538743
3.16910222248629,6.10416440301369,0.815048343109061
1.7855126896788,3.66964051537273,0.809296237694045
8.79681385593358,-2.25040365908795,0.806983971511841
-4.24566980453436,2.58117114299434,0.804495542795656
8.54016828135686,-2.56537677322658,0.803260707568827
-0.54972593236899,2.41995435848742,0.802620067135112
2.39312802814555,-2.37910059689216,0.800547379606149
2.77340825379407,-3.00362771913425,0.798184417894266
5.68143078510213,1.92811264437029,0.797098991963631
6.66226468292549,-0.823863883575006,0.797067975589576
5.58084239146233,-0.206416643190846,0.795383294739105
2.44118990587352,-5.55905676499533,0.792860901556226
1.81502427538064,-3.17305332759094,0.792454970632197
0.0782020427092066,2.85839366135429,0.792267041543562
-0.371561002564488,1.15881511016579,0.791566432067752
2.50584493437664,-2.3791301798551,0.790651908424591
-0.518397794336612,-1.03372592782173,0.790038224876873
1.69622323961889,2.30911855280055,0.788744979120076
6.92824918558689,-0.562028196013875,0.785461916059986
8.7261002779479,-3.31488108244264,0.784890761415036
-0.64863840616688,-0.333599615514588,0.783356335714655
8.69965594413123,-2.26797211241033,0.781672622756326
5.37073089543743,-0.231491483570601,0.780813674478212
5.48265699344637,-0.0959667678267367,0.780423619778969
-4.02162787863136,-2.51155882273733,0.779845374581341
5.47556641356629,-0.51259142761956,0.778950327929663
6.51963566215082,0.882680992831532,0.777629644893662
4.48222887508079,0.00353382578467202,0.777542920338313
0.786812222761079,-0.862367817826919,0.776523922968339
1.20321921483267,3.69458423801403,0.775567624058656
5.98530215814387,-0.13481325267254,0.775372286577656
-1.78685865123658,0.627762496641681,0.77486276067576
8.7749049523272,2.21947099666426,0.774376280566698
1.38653283667905,-7.82883278288774,0.774210495716318
3.48595332744729,2.93889535773305,0.774201889925048
0.638938576627504,2.55586620256363,0.773392289962455
3.73655024515335,5.75836595937676,0.773098604155555
5.17079668644572,0.209241641637983,0.772640764797716
-0.813969251032235,2.59458161395171,0.770778211465227
0.934552897406724,-5.09994969841447,0.770543158378612
5.87848757423984,-0.291801675662626,0.768231355286449
0.200211959731361,-1.42485992772054,0.767733950624522
-0.013120213722931,-2.8412776064843,0.767305567422294
0.643460262769014,1.25603619294355,0.766049780369917
-0.926518100099844,0.394352476328723,0.765791455824251
8.98267694752939,-2.09730319987815,0.765262375927635
0.419444875631171,-0.693704371237566,0.765083464968929
2.71718380388131,5.7053830746571,0.762732553034679
-3.89459043731727,-3.35982796754531,0.759825473543104
1.06418846900862,-5.06722520716114,0.756859710321833
3.41616354171493,-3.89438871500555,0.756754916313077
-0.0947197674563396,2.05842740448913,0.756376760548238
6.8265217701241,-0.129120466303779,0.756019428105787
2.31960501152551,-3.50877645436326,0.755641154575252
4.30658675948237,0.282286456843893,0.754743772691052
-0.485122072295071,-1.18115861686497,0.753913592943714
3.1012399713866,-6.9803866943184,0.753118497060262
2.95903585408215,2.35455043806859,0.752334215038708
-0.467515710515621,0.72317222545643,0.750570797992856
6.09487666955274,0.298121704587701,0.749982546011373
4.88350515494887,0.00580836399117488,0.749824810906869
1.13887614367811,0.319310719906828,0.748014868377135
7.97963079414951,-2.9955763084006,0.747814168865813
9.38067918137631,4.20837851687339,0.747216293220564
1.30029353132262,-6.98658968938026,0.747065523971077
4.82770264499053,1.03833549568204,0.746014406420781
8.14999833668753,-2.65934966883422,0.745292138783948
0.997094039946651,2.10154134936434,0.742743502752951
2.41485809753266,3.78196421820021,0.741540784414675
0.604464738827492,-4.00269159631093,0.741487170885922
2.14448224793505,5.71761440287868,0.740239985934334
4.20649906607338,-2.93537448691512,0.738903699320137
4.90074593456511,0.390190117634341,0.738323678866137
3.84936301471222,-0.433093238646692,0.737410155157309
8.59622762997403,-3.72297649074076,0.737037438083947
-3.41658186829471,2.72193632982899,0.736291776056374
3.31847721866776,5.65377629883602,0.736172016658559
5.21370043640824,0.540963591159052,0.734978856227465
-0.731031909908794,-2.61180041831672,0.729786237354293
8.15486217978878,-2.7261483417963,0.728752266133434
1.904737296857,4.04310157386164,0.728416908352668
4.69962494945146,1.16145793211554,0.728162197661953
4.96270186663107,-0.734668848703494,0.728067058705337
0.63496840078076,2.24954962160112,0.725876420910706
9.56932022151448,4.25355635629849,0.725539665005366
2.22079624663147,-4.35725126350889,0.725260081315332
1.04205623395939,-3.93195461670255,0.725172982031732
-4.31158937764784,2.19058610747029,0.724384910749649
1.24720411920873,3.57046964118372,0.724303197999108
4.325125268606,4.53900519805883,0.724095699499522
-3.66145746850527,-2.86144476114385,0.723753985824381
1.59444827440557,-5.62897057484388,0.723448458322642
-0.0508510447814232,1.56557323679201,0.723387880696623
8.5335618666961,3.55884600823362,0.722613848016702
0.0706938708448474,3.66824257965232,0.722152439788887
0.475964741783298,-0.213116656400792,0.721257472573871
4.07850821871529,-0.984078984643024,0.72065591541257
-1.09345672726494,-1.23362873621713,0.719614901156455
-4.09696459182542,-2.54724059979235,0.719375079940382
5.91180248003456,-0.808718640148752,0.717523911171249
0.425376417485257,6.85786751257034,0.716469864136491
-0.614146173656936,1.97126173145302,0.716397933534092
-1.69615109051515,-1.29396917821449,0.715713665914369
3.34049728703076,6.06884909259353,0.712783941854222
2.22683162600839,-6.08699318748736,0.712387690062603
-4.03793050864036,3.37724326106894,0.711137066713026
-3.88835315666143,-3.23173241251076,0.710989670891856
1.60733897549543,3.51855028512304,0.71093052335723
2.74524602401881,6.29075449026431,0.710912272540043
-4.05601958366105,3.40740211891525,0.709727069878469
-4.23140108319599,-3.64983403662785,0.709707906134495
4.85262148395778,-0.611121764587388,0.709320901808195
-4.58659385811714,-3.6045071269414,0.707680048420717
2.57569003475902,2.18006497152745,0.706775792820072
6.99684821114187,-1.35520215922634,0.705020600038165
-4.43760975423463,3.89360092499024,0.704382907445042
2.30627050827126,2.15942153226499,0.704114914970796
4.68276864833506,0.595396377650899,0.703880325923047
2.03988642066689,-3.81771587661185,0.703773957200097
3.37322221567468,-0.477608906607869,0.703376582260226
-1.45199963912583,1.11496149704197,0.701281486385756
5.3338183959527,2.28467068631922,0.70114495537493
4.88322116578748,-1.07442763068809,0.700928746832286
4.2957905050368,2.91533249521664,0.69698022126961
0.741136467103128,-1.82865842021516,0.696184618364326
5.90634669228561,-0.19320962079536,0.695955869734793
-1.67953311488199,2.08361354506627,0.694932449988205
-0.852429663044435,-1.62933696191121,0.69438622195045
2.34022083386839,-7.15776400429368,0.69356737083483
6.37687748507686,5.5755993700674,0.692874810314016
3.33924737950676,-1.95647823401348,0.691734031134467
1.78644837177472,5.78357217519197,0.690859139210227
0.702643477964062,1.11001904804123,0.690794141509123
0.4840735080069,0.874234547852049,0.689988164759717
-1.39400243680318,-1.33743124449424,0.689831488106296
0.244480319761431,-3.0491105347887,0.689381411414737
0.584039121131374,-6.29935453867793,0.689135475347348
1.36054318245283,3.34427351973035,0.689044368559626
5.67371164575519,-0.875349790006918,0.688295430343957
0.814433677108143,1.30920845570554,0.687694037584562
-0.310365518773318,-0.31831489278314,0.687583447225043
3.17607839489247,5.60329344519433,0.687218443882398
4.94982576437265,-0.247744022276176,0.686659964486686
5.47609434822392,-0.8912422754504,0.685426262760946
-0.0457389591705172,-2.96428027068599,0.685195864540102
-4.60357219157699,4.24572481278494,0.685077946028266
8.78198442817364,-3.86965344049099,0.684126586280543
-3.94263676725941,2.60406120605863,0.6830067678211
3.62155595302097,4.4121897598493,0.682671016656419
4.25126434033011,0.898823015699922,0.682093578240945
8.24319731671089,2.28413857660128,0.680779488711711
7.18781540907813,-2.7451455822955,0.680215980537064
3.49322898485435,-5.01185311950475,0.680210917833974
0.384733418964456,-6.94850621305029,0.679109057458407
0.701743308937275,-2.14292018528356,0.677959954465296
4.41166087391364,2.9974628488644,0.677136175225937
-1.08789413647373,0.0745055951473564,0.676668791818322
3.68039851855995,-1.05145435228759,0.676564253566336
2.33525016874297,3.75591734290071,0.676196636578086
3.16231318618084,-5.20605254436049,0.676043424659121
2.75117628528364,4.15316453580809,0.674342478950684
-4.90638528689487,-1.9613058348746,0.673944880384865
1.9979611874118,2.00213221306451,0.673705268999634
2.95628262329839,6.51131162605962,0.671594635332621
2.29986848289126,4.95197602939984,0.670782833817391
4.43678054457419,-4.75619831823685,0.67068643042771
1.50109504376849,-4.49275938217625,0.67035013564437
5.13138174990902,4.2887722346768,0.670079157126203
0.544175045489327,1.03999140429025,0.66982494729042
0.383882511837136,6.8847059798564,0.669523468244495
8.7012044869866,-3.99120056856414,0.668579304690253
4.49961894925142,1.59102018118371,0.668558887251222
3.70735807848516,-1.99166219682964,0.667893387193296
-1.49343767917792,-1.53117184376306,0.667830350515361
3.34140469632923,-3.10959385832796,0.666435163119458
0.865377077387766,-2.58960345209763,0.666156489161192
0.562993103471847,-5.81361913105412,0.665928192083309
2.05928276769805,-4.58782327246632,0.665796958306935
0.543156186160984,0.921464328471761,0.664458352071813
-3.60718172682069,-3.72344650819689,0.663231148281141
-3.65393933018006,3.30980006144229,0.662917186148081
1.60432522186397,7.19709879000353,0.662830758127968
3.93689196406232,-1.13754990901026,0.662615692421525
-3.79406452416361,4.54615980681904,0.66257540452243
1.27640946592217,5.97260153393377,0.662369117446198
-0.70898984818199,0.982551645024697,0.662025787102342
0.0404878684869632,-0.570573420330969,0.66196513073562
4.8864362965454,1.46998519333987,0.661430704524301
3.23255830758509,3.06310861194049,0.661253959577678
1.69972550959297,5.00990959799141,0.65973606181001
4.69913610838082,2.31967035032005,0.659705584094774
3.48518950529144,3.11804766359131,0.659106323302312
5.23112882016668,0.605041505859884,0.65883556957453
4.5293185541719,-0.985267316315005,0.65844952750877
0.908447972771957,4.37195573261833,0.657224226935928
3.33694149521656,-6.26332784553522,0.657144560003356
-0.734350599494009,2.86957088797898,0.657132589507578
0.569156457693265,-1.27981451035731,0.656670512922732
1.34274506739616,-2.6740643398567,0.656544658800967
7.8227800406942,-2.57861271084275,0.656237920236086
4.1828551649002,-3.3901810081186,0.656201300902873
0.570286824576948,4.59032980346683,0.656042884659215
-2.93593324946543,1.35828491136985,0.655834281214679
2.32271203214383,-4.73017579366424,0.65579992550129
0.852888555729898,-1.96072032709862,0.655406381170225
3.57923578589257,-1.88845570105823,0.655122073076827
4.95202941619996,-1.22885329379719,0.653710164758266
4.10502653433902,-0.924699592271982,0.65324263649901
0.55545234328616,3.56574794359281,0.653231031803468
-3.76360923259642,-3.35184226293176,0.652911837922508
-4.73000311979969,2.06693954887982,0.652792087829563
6.09508793867612,1.24904994120809,0.652580184725436
1.40214450075544,-4.58427058075031,0.652409251140457
6.71719592402194,-0.314902733258828,0.65220072589459
4.66488977144588,-3.00861572962149,0.652090928966452
5.23043433369355,-0.883818200885517,0.651987974169866
0.986382380886192,1.13785778270666,0.650533553583417
2.48283556973084,-3.28071414577493,0.650420501034225
1.79029818127113,-4.55624441892018,0.649680587174445
5.08123650807907,1.44147015573463,0.649303231087754
4.66631596073647,-0.991777943448594,0.649162423357508
5.48514918141483,-0.469739738989252,0.648724753612205
-4.60957010965194,-4.30384272441551,0.648522449143187
3.81280529227592,-3.98751904170802,0.647835153190108
-0.871753555640481,-1.16175178419251,0.647630089351693
3.64677707549968,-3.177862909096,0.64761266345381
1.65435064172728,-1.46057608233101,0.647601919451098
-3.36384044267088,-2.83459047168201,0.647478291408338
7.06398851851209,3.28501523462556,0.64684529855066
5.26492635347256,-5.06046060072566,0.646688100295704
2.65644724028797,-4.53531395357583,0.646128516496365
7.63173783676144,3.21661909381268,0.64602315968233
3.82656755269887,3.72388231716724,0.645285359364509
5.52364376561975,0.370161373615742,0.644389660166842
1.29257732604403,5.22493391071294,0.644315676587634
4.62124140160023,-0.345431706713414,0.643705584833724
2.41500313487751,6.50156978420198,0.642804843471602
-4.1376929400422,3.79058154586878,0.642628248869565
1.06008914169222,-2.66939446839046,0.642440063397478
5.38194697460963,-5.85084455342425,0.64221165525165
8.13245383283093,4.55875190389915,0.641204847801524
-2.36731662040321,4.79265358661787,0.641186102181955
1.86668075228757,3.9230014958029,0.641155029468709
1.75034658859855,-4.94175453930892,0.640726756292339
3.82386413242306,3.09929956790975,0.640213578980725
-0.0346238349536531,-4.33613323448328,0.639197254879589
0.881835575155529,2.93469445585956,0.638931004329208
-3.69810944098295,4.88614060019884,0.638646742559944
1.94980360342549,4.62034392187709,0.638592899622603
6.47168908779368,5.38435635240413,0.63857815624578
5.67299077429898,-1.36372051612626,0.637859547605315
-0.12866526120138,-1.7546108370956,0.637834954291243
-0.711856641486747,0.707673543386392,0.637672521070175
-1.83222290494645,2.00056451682988,0.637608141769579
3.91238749488804,-6.98716073699887,0.636797083930101
2.9793831713019,-4.25795091892342,0.636553713770908
7.41475878410452,-2.41149591611849,0.636442274330019
4.7934694168816,-1.05664195086061,0.635901105874302
-2.93274208509968,-1.85555423958788,0.635866396789194
7.57057817955659,0.0657555800778669,0.635390080685354
-2.93631503577585,-2.86066576013446,0.635013041233824
0.320262933653675,7.15566664454317,0.634981334070499
6.37520917205134,1.86256308346409,0.634862605313473
0.642622009586056,-0.106981086391351,0.634540240293014
4.66363364391456,6.41822933291917,0.634048691949755
5.92436494510679,0.46077698269978,0.633420828462471
7.61436641187357,2.65891143122458,0.633377031739188
3.06985107823542,1.29189633382169,0.633254696808059
-3.16025817916767,-3.16203223600516,0.633047493178685
3.24684739782883,-6.59141010046786,0.632595503963287
1.95437740638545,-2.95842635023105,0.631713888598285
2.80362012179781,-4.03368080585561,0.631308289385969
7.1574386642764,-5.26361822879683,0.631139673265799
5.08337720934657,2.82442391538732,0.631127329123337
-0.193319277820534,-2.50212135446592,0.630697493844248
2.10520593261115,5.01852750851516,0.630199581523277
0.750471956110813,2.64195599588432,0.629926153406355
5.42006757389245,1.26094533753086,0.629279723385848
2.53465633009495,4.68157083396682,0.628960574013831
-3.8168170897627,4.93009442527373,0.628634360919764
2.79359248145665,-1.23208881656393,0.628314408104065
7.42214904333173,0.16838131695325,0.627953473463863
5.71121464305861,0.344568872989979,0.627808586581889
-1.97177255272925,-1.11038072847511,0.627783928487626
1.22469171781678,-4.58813145021154,0.627378016623965
4.19719420181103,5.93849258838801,0.627095776119807
1.77304638765124,0.849875871320906,0.626810373886647
4.68082150251987,-1.23773139034701,0.626291396578805
-1.42714974261256,-2.51471948330142,0.626162187555796
4.10565436969754,-6.93904103944227,0.625538159183619
2.20102052399689,6.42751153824831,0.62547318262398
7.86728361567736,-4.22965602120373,0.624945201515551
0.572049608223014,0.62777893182745,0.624944803249192
1.54950196521049,-1.78254951420437,0.624775828990679
2.82907043101567,0.765497455427286,0.62465528127211
6.75115337346945,-0.889226294523265,0.623986673734574
3.16497057359559,5.18153484639307,0.623503067552855
1.4511424541049,-6.67635659787635,0.623249143703744
3.75204617387474,3.95869198417757,0.623037930928426
2.222081689331,6.30382262996449,0.622918605703837
-2.63311369425849,3.30522859460912,0.622761551599177
4.92320524954618,-1.90272856771715,0.621234775549127
0.0969222114874693,-7.0646863407644,0.621027287174973
1.66068462847326,-4.46061224848789,0.620708324883155
2.3835672665386,-5.98304170199887,0.620500996713384
5.45050831874812,-6.23057130828405,0.620460694955845
4.04345529011004,-5.22316076760436,0.620457680189868
3.40739933140944,-3.75020158689395,0.62036296870507
7.71922075533473,1.40575875209507,0.619819129972917
7.86490534439609,-4.86318382391805,0.619802274564738
0.609237826426089,2.08612640655275,0.619766250426527
4.44532312964977,1.2464730478726,0.619222612583297
4.60773189627285,3.8781419418611,0.618732438013693
3.12366302751998,-2.04400520385716,0.617886896754202
-2.73222063116094,1.50692762812247,0.617554652527905
4.72237314964416,-1.89030311207919,0.616267560111384
4.55216558902986,-0.973787309360554,0.615766824574779
5.15717948870597,-1.66633547898191,0.615709158688046
7.76316680694943,1.31820755250108,0.614876444433535
-3.34633915131915,-3.80614116608027,0.61460324284579
6.12168561353498,0.787431557847481,0.613914063935991
0.502546008428881,6.43135482044981,0.61380692472843
5.89627220873531,-0.871509354098638,0.613704037802088
1.16319288855257,-4.69885344455162,0.613392467362309
8.17670710803056,1.64515705578777,0.613259635566174
-1.87797460089302,5.38766085458618,0.612637696417091
1.58364875899962,-1.07916596360735,0.612348634745998
-4.25509600352692,-4.46875272029602,0.611972380483745
4.93103990790136,-0.208276462449093,0.611672745139294
0.609633404622829,4.93700779565046,0.611665128904775
-4.01487982704979,-2.26110183679931,0.611321433525484
0.629588411257111,-2.40587093516446,0.611297655276845
3.51771446166017,3.64809172565512,0.61117953729844
0.651325456428072,1.1129607873483,0.611019267442256
3.43865219947997,2.7835618619503,0.610579255753426
-1.97899684447478,-2.10598667045225,0.610501626092132
0.983434404725859,3.88908807006773,0.6103792681935
6.93045380217514,-5.08519502969662,0.610191858972836
-3.65081884457977,4.01810090749052,0.610053577250969
0.735898825033126,-2.51005115164073,0.609943384107301
7.61219027175336,4.69737124917532,0.609747508122348
2.14893920380494,-1.44570652903658,0.609688462838926
6.15737078380169,0.187245489626835,0.609540485472125
5.13369450934305,-0.394676227290468,0.609394305320258
-2.08179648653653,-5.3976341755845,0.608966314939668
-0.648050222594237,2.43759452977437,0.608530747022783
0.661937582334878,6.51336800878303,0.608516459518395
1.81086517715743,-5.06216103929073,0.608089200665946
6.63925451738241,1.12782986325236,0.608020464529518
6.27297213881448,-1.84043201321675,0.607792463788495
3.65737014411472,6.50014119877328,0.607669659633085
-0.664447236122675,-6.52297568706316,0.606589956212248
3.63953779981405,-3.57458823085288,0.606455633879287
6.31292874077434,-5.02157603990208,0.60635733644015
6.44499744038289,-5.1741434476834,0.606067855385643
1.10453198166187,4.40150765426927,0.606063637371751
4.3210446469616,-1.03585764395785,0.605802680060932
5.3994533341001,0.245339152267344,0.605755463185562
0.926646843552749,3.26042866007333,0.6057440681682
3.35882009314955,-4.02692920655801,0.605562182562386
-1.87835899536014,0.743502021218661,0.604978800326626
3.27596764341136,3.80039784031638,0.604728101552074
4.83463444487426,-1.45027450621554,0.6044691766235
1.07368103845987,-6.77845348156786,0.604265710555877
8.56829899942959,1.87268577777373,0.604198313108651
4.05960893845403,3.32212464298561,0.604026161362939
3.21875740824625,1.0565484802735,0.604009545089429
-0.648630262702133,6.20238377282237,0.603849449951016
-3.7014691987351,-4.15511429293278,0.603818071027601
0.39914843163941,1.96470809990537,0.603501214298716
4.27908743052895,0.219066976850608,0.603394913770728
1.33019142461883,5.51573279081269,0.603181401801878
3.70886209916181,-4.62533901514623,0.602603586005305
-0.985970474924827,-4.88672785509768,0.602063361308499
2.97966626045787,5.39732296052394,0.602006264188821
4.27225213222241,-2.66117396671422,0.601971874857955
1.31663303840464,-3.66150105147964,0.601508873410636
3.52158310249285,-2.58184417376243,0.601202088535132
8.55529946556837,-1.88785970233583,0.600987696500942
1.34928372701022,5.57203406220857,0.600474053130723
1.3333107756454,6.49723802801314,0.599673002248732
-2.71934580544103,-2.58758096458751,0.599290129211619
1.14129074048685,4.94368254680481,0.599153411552147
7.71048865965972,5.04162615271647,0.598656576945743
1.01340164226275,1.60610020232737,0.59847088512056
2.40485154074668,-5.54978029148552,0.598418661323164
0.227546481115344,0.594949639722014,0.59834934408844
6.55810284032966,-0.530259955160318,0.598312142188699
-2.92889478292696,-3.03265309456781,0.598204243146048
3.07161761560337,-1.42902012894881,0.598051625615591
7.45006008363498,-2.31008648850339,0.597026436872249
0.385127010515261,1.56437038473925,0.597018512539951
0.756128738386865,3.42527709611573,0.597012487677792
0.964118220908528,-4.7683993712873,0.596834160451018
0.703855719818944,-7.11962691520559,0.596748987544557
0.733117458268456,1.51482949390146,0.59669438586209
3.79808462191688,-4.16135063258245,0.596193556969208
2.76456307286585,6.47318225843696,0.595915951758022
-2.65341190242589,4.21023032795555,0.59570767400835
0.950221321212878,4.26364315499364,0.595594580904413
0.929103995209417,3.99241928552172,0.595260724146187
5.53786003214986,1.37040979008636,0.59487915741851
2.76479026735773,-3.47067491548445,0.594800770342229
1.02346498627214,4.61935313894929,0.594616907184374
3.7445832875274,2.4689074163946,0.594470349791821
-2.94553455475718,-2.39593124296268,0.594357236513843
6.03645357283651,-1.34058631188432,0.594212170564849
7.7950742705283,2.59635823852675,0.593911204413134
-0.346999995301229,-4.29131377096365,0.593822206107559
6.52349763772074,-2.4761395877818,0.593371199240264
1.35808795639762,-3.67849448000878,0.593225057584105
4.00834751765775,5.46163725294745,0.593108133002409
-3.29722291554921,-4.78118445393812,0.592454929050669
3.68676716813172,2.6100228597912,0.592451158613946
3.89485153832748,-4.18797782459095,0.592434648099168
-2.01841738717389,0.669749879850329,0.592238560891655
1.91912021153487,6.45784296392156,0.592208480042556
3.493747352064,1.49440331730217,0.592151513120185
-3.98225391560243,-4.06578786596602,0.591936974694014
-3.45668767413365,1.69466754565206,0.591584367783231
5.21711588191615,6.1829150285107,0.591458404059769
6.57158488786382,-2.07285420146219,0.5913844628451
2.37193248334337,-1.80104005657426,0.59113822571971
1.98953982947395,-6.59649558401471,0.591013770882015
1.46933729681075,6.49142217495649,0.590898812436897
4.62130292412359,-5.81813994593345,0.590781695706245
2.88130428995862,-3.81561559328002,0.590687267796962
3.96247638871062,-5.21622020698078,0.590621346074201
3.47596931662622,5.31157814826088,0.590485796607095
0.171382647669812,1.18516109309386,0.590300408449081
0.263325108838733,-5.38277497222205,0.590292535238109
5.44025914961997,-1.14986463537176,0.589989634237341
3.5742165051953,-6.37837098785396,0.589963993324552
6.59922835973171,1.20121328747503,0.589837816021966
-2.87307764120328,4.48675764731699,0.589533850155918
1.48602538958405,5.29618880296237,0.588973499353045
1.96815205076185,-0.622091439686619,0.588521072891164
1.90855022921918,1.50804916599534,0.588254196782693
-2.7168935202958,-1.8086953694199,0.587473486817754
5.30241657072008,-2.26570402221745,0.587325090340429
5.01411509728323,1.14707952740932,0.587323786477817
-0.639495356096553,3.08675400752448,0.586995739098338
7.60911988779414,1.55676670561017,0.586951197334924
2.55362320989774,-3.72151030126173,0.58690933863273
-0.0493103134681142,5.21155358388776,0.586768157203533
0.881517493708412,2.6155343540787,0.58666984363885
1.24806433106571,3.65346425147971,0.5865631042326
1.05614612193751,4.89111166657109,0.586290683640892
-1.67338260196479,4.79566053275183,0.586118266687485
7.60017210443058,3.74941921310949,0.586111876033968
6.30994279627937,-0.407075270524876,0.585986781317989
3.92956226201422,3.28515118323208,0.585906310887387
2.59285512749643,-5.98062918072712,0.58583087110784
6.93058914418626,2.17528008412826,0.585802458199439
2.11041747103846,3.07276236621465,0.585285419736577
1.11827783359357,5.25790663780713,0.585238645171096
3.28240003201414,-2.33472009302977,0.585203125892303
6.62435271936286,-0.278980897795491,0.584721828091368
0.927147948175059,-5.12335170479103,0.584529990272987
1.84645888479324,5.79843486967808,0.584524430547487
3.65255479560068,2.17404098801441,0.584168646842353
3.07235407785094,-0.0198713658685544,0.584113609151827
-0.0508789547949482,6.00662685590579,0.584094878059568
1.62424219629379,6.71916989186404,0.583747606447051
3.56140325850174,3.89204880238214,0.583660659365318
7.63907840127599,0.6763361265196,0.583653003301824
-4.29703043794316,1.76355398740445,0.583393881092895
-3.96380007306128,-4.07557159575421,0.582826152732494
7.4694630605077,0.335543828526594,0.582707743739359
0.650712327592652,6.60583343673352,0.582570583672459
-3.53956909250192,-3.84264187672915,0.582257813670649
4.80937073225981,-3.84823425383786,0.582097601714372
2.4936028071174,5.26213975681838,0.581919048465872
7.88582583833324,-4.009668187415,0.581748579725615
4.96736132411125,5.76111843115054,0.581644983719922
-1.84001394593679,5.5186296000699,0.581539632392809
5.48668772629095,-1.51369153914599,0.581484886018086
3.87898414210099,-1.77054277419562,0.581400862093521
0.504551122521224,2.30204265362632,0.581367158745436
5.5032344754644,-2.6974544462783,0.581045377630159
7.00326247832184,-4.97040910203976,0.581033038775693
5.31872516513472,-3.04250945541826,0.580634444985022
3.61366519575419,-1.11702926845045,0.580496077092622
1.51470432566799,4.93168988956582,0.580467710447866
6.38112676465939,0.399619378128899,0.58044462191171
4.09892444331348,1.40814899065168,0.580335655149328
1.15999906856469,2.02691235059228,0.580061979216722
1.65565556703987,5.17169003957596,0.579733021547059
0.830334738334191,-6.01751531397894,0.579731608035981
-0.0736346993629591,-0.871662160107459,0.579617347868819
2.71876766951537,4.11532145145081,0.579558631998243
1.50041312950857,-6.28995723162546,0.57941399160935
1.12180638894975,-4.59125348724248,0.578855404431959
6.29674287780296,0.414482729915609,0.578794051235106
-1.63675800935249,1.17309750421543,0.57857858964203
7.87200330108581,2.06086862390448,0.57836268879516
1.09559798842983,-4.88740462255126,0.578050472839567
0.728610815580936,-5.0967869908829,0.577710012912373
1.82587085194994,4.53469913809836,0.577709361722431
-2.62245845812967,2.10026250951263,0.577613305724604
0.865884816849585,-4.25304195508647,0.577584265546745
6.00129903175494,-5.17497453898875,0.576992592246707
1.67498306849882,1.66576307299582,0.576206195555613
2.36514423669029,3.45542815758566,0.575892449052809
0.0839142067089846,-1.58580310599193,0.575875997272627
1.85089955411073,-5.82087295584096,0.575824198771937
6.59806603310854,-1.06543198502941,0.575613551016388
3.55302228999266,1.47864619629923,0.575360743640779
7.19235270664533,4.04873871222191,0.575306376141284
0.976913779005896,-2.6115835921906,0.575281400157594
4.39406153007732,4.24486683594405,0.575113580829061
2.83201402155771,-5.83586479506404,0.57492977157861
4.29644363673838,0.896267421347688,0.574740803387927
6.4457946662056,-1.5981145923432,0.574658604353175
2.20908449417966,1.10081582744864,0.574605455259903
0.317782902406045,3.20141566618078,0.57458497217577
6.96350870615833,-2.81546188357697,0.574447226523124
-2.41620706073249,2.22094288364709,0.574377792352187
-0.468762669104925,4.67678443885918,0.574355792884795
6.24991987247273,-0.260420643151942,0.574155905700076
7.41799077074325,3.61253052502009,0.573970754242049
0.387689746269575,-0.392844445576316,0.573906179546398
-3.51054646192337,-2.14428131319683,0.573878762925604
2.90371745501317,1.6996592768054,0.573370438566147
4.82735775016451,-0.206582892123246,0.572859107396635
-1.08728342301776,-4.32407567275608,0.57270874861903
4.48647242941029,-1.25103421155569,0.572492934306635
3.8620753494511,0.458198044835791,0.572477690628825
2.02027736681292,-1.82167308035364,0.572466732714433
1.70049203200189,6.36609976508099,0.572129151531294
3.46904249489633,1.00025915634641,0.571969991394729
3.70497133428449,1.79148943019473,0.571961801492658
-0.818890940874411,1.71486994176353,0.571960335264562
0.52299427537207,-2.3899967868516,0.571791757260241
0.300113003517655,-4.67454540461065,0.571629456533438
3.69927546855414,1.2805053882629,0.571450169521861
5.23712796670689,0.743245292348605,0.571130749783371
3.85513395711956,5.51205952488407,0.570891355575264
-3.60708774505218,1.60213201418116,0.570742914707348
-2.81988725716577,-4.96787334478076,0.570440619518868
2.7203434367854,6.81003984161234,0.570171491193305
6.03783390816866,-1.78933904268945,0.569966272865076
1.73318763595271,0.248075726879592,0.569728351887501
3.59972019357227,-5.99538536897141,0.569697569369526
3.30787013771903,-0.284513023728974,0.569676953113743
-3.77522351195197,2.1770042515472,0.569527315915126
-0.0426439139081843,4.3829504779,0.568868813554921
-2.33867797738649,0.502668964462843,0.568729735209703
2.56645535250365,4.95732391397167,0.568549436547882
4.10378111148609,5.37047277776827,0.568143313754553
8.12894424116719,1.39157378726835,0.568080880797065
3.40268227804059,-5.54490494594827,0.568057336009469
2.82911472828283,-4.60132613508908,0.567477980025385
-1.9558206159153,5.03443869739121,0.567345422450624
2.60785455951044,8.36810097081463,0.567269152784617
-0.159960873887527,-1.53047938058059,0.567064861310316
3.45287393751323,-5.33380767276134,0.566917008397961
-0.216465851985243,5.93604446519477,0.566909801369427
2.92685975593501,2.31518103196679,0.566780103696976
4.74380212315424,-6.32940658002626,0.566539914171171
-3.87489495382975,1.797391085344,0.566310677074584
1.07947508396823,-4.25773535105599,0.566160639394126
5.48207997615385,4.40262055986739,0.565394525784171
-0.780694368241289,-0.346814612227066,0.565351150129243
1.22367301652521,-3.54573946542771,0.565131573533096
4.78456842819354,6.29557958372889,0.565047536696581
-0.492848128467092,6.24620085068796,0.564680969015205
-1.87574890573447,-5.04094590783387,0.564292517057063
-3.43094314558521,2.01254932639072,0.564096152939036
1.68826525750785,6.53362662378628,0.56404956416054
-1.68460543375722,-4.88037006207792,0.563929759205801
2.56334693067769,0.128295860212275,0.563697280232594
1.48060428710218,-3.54979172908052,0.563649562196911
-3.16373970074405,-4.734786886116,0.563587703195718
4.94580175169146,-1.88587774062378,0.563025518781571
0.876182029754339,3.02440254822069,0.563017000836433
-1.61001546308039,0.874666934308266,0.562938177712692
4.09689894777942,-3.45879122327183,0.562841988485185
1.39503466109642,6.7470685454072,0.562835869464307
4.69918475675839,0.145286401468548,0.562501062841698
1.34162839458592,-2.46583381409652,0.56240229556498
2.56482540312426,-1.80169560541897,0.562275735940254
1.57298622199183,-1.70963693904844,0.562228896946003
4.80162517358155,-1.70978174839622,0.562052323030991
-2.24227298562929,-3.72053542785005,0.561859712378247
1.61635748078634,-6.14004507850993,0.561738392284795
0.732983708515692,3.53561567636353,0.561580031752949
3.89050534647212,5.40150600694086,0.561532565025931
-3.96150836263522,-4.29435640182886,0.56119757368373
1.12753408178717,-4.49885498357246,0.561110783337562
-0.77516463767687,-4.80602343410491,0.56092736485981
-2.52655159212463,-0.922150204956928,0.560264374696642
-3.54409495915854,4.8352035188116,0.560106920015265
2.01924029735741,5.68429169976312,0.56000909286861
0.054404770295115,0.988280648019305,0.559995747681873
-0.68138661380409,5.76900031844165,0.55977255512173
1.71110843112619,-5.45777167918408,0.558963823041184
4.54249119083901,-4.55470220742963,0.558904389584655
2.17760936412792,5.71549617478806,0.55863020453405
-0.492356790493908,5.78111938784404,0.558436994221304
-2.34574070138871,5.06304555015293,0.558226969494951
3.51553402591523,-1.24596332566157,0.55818657281609
-0.309991276098682,-4.36940792863917,0.557869063729948
-2.83444078506817,-4.9871883234561,0.557791028097169
-2.65605620312397,1.11347799091468,0.557766958464151
-3.29569945499473,1.64408600101257,0.557105575571803
5.81744011783056,2.80586890248333,0.556973885541535
-3.34613432542495,-4.27770781385885,0.556960708620804
3.20041751839731,-7.17599022138894,0.556640749914468
7.17518457088966,3.38637138599888,0.556494079331044
5.49439714262908,-5.60947649459654,0.556359073608937
4.4604883914717,-4.93548852817497,0.55602126411153
4.69539915316061,5.2264399812083,0.556008927858701
0.0373270869995304,-6.76877826246882,0.555879020919598
3.67361887626266,-7.53106335850452,0.555824207428803
-0.809962812228009,5.10590764363366,0.555157272315744
5.65881526018725,0.942619192971069,0.555102229319848
3.14487707496477,5.5840221782551,0.55510119442658
-0.0129907736153941,-5.16815964330537,0.554713799760921
-3.19855942157599,1.48510484128677,0.55463328519343
-3.42384739944602,-1.28160946498268,0.554610368788882
3.41640825179866,-5.16312320938535,0.554490715227597
7.38492727717065,-3.73862465594233,0.554267901251658
7.54566274853167,-4.40523975087209,0.554244865367338
4.24587269152488,-2.58073911426255,0.554051891878062
4.66627135455088,-3.2095088896275,0.553997955643545
2.33700953668877,1.1006574151873,0.55344207210905
-0.874169942612744,-1.94486021966151,0.552992862160766
2.62521182230461,5.63334634521874,0.552825189999724
3.22308607461118,4.6220572794275,0.552702442408885
4.45832763378049,-1.34359426502341,0.552458796843825
7.77249471200704,-2.13724369315653,0.552272989793589
-3.30095383178724,-4.27345843564594,0.552125034240604
-2.39725959554187,4.11298753395877,0.552105143027865
2.20280715261359,-5.6436513465316,0.552036376633461
3.71998319637425,-2.60051056995108,0.551980921818797
3.36853785256697,-1.15196090860757,0.551980892027186
0.887094183331077,4.64723554866561,0.551818072718761
2.45943993496906,-5.35811413638795,0.551710067415766
4.70089149636352,-3.87394111335405,0.551633958490603
4.52638905235446,2.84864923590079,0.551618991320987
4.25109403961702,-3.83578543180437,0.55138092577385
7.64731058435942,4.30423982673494,0.551304257596062
1.55788493045197,2.87707574145598,0.55107017604556
1.84446683177161,-6.37958776556015,0.55104896901692
-2.53632496730481,-2.4865634959777,0.55090014017846
4.32528723442716,-4.97988120560156,0.550863880315489
0.785248953237916,5.8323583266618,0.550700507907
3.40968370056499,-1.58176532100532,0.550584493855993
4.12752954497114,-3.92763833830051,0.550525758530157
1.53961851515919,5.29577818988393,0.55043520978612
4.74364342771779,0.974706931868549,0.550424104776546
-3.26651795546757,-4.63765594004107,0.549930741719148
-1.47634528417713,4.49454375020568,0.549726875115029
4.91545672920413,1.42049143242174,0.549174819867836
6.07275726840637,1.07618882420652,0.549154503351607
0.693468210056477,5.80725559072854,0.548819387593198
-1.21141439933513,-5.80956033356436,0.548810063272012
5.46828425269908,-3.43838051472051,0.548512901405643
0.951318284047413,-3.60991289596705,0.548512271373548
5.45784721996309,1.76789910988995,0.548255197938597
-0.322485899968333,-5.98948449469346,0.548066275313068
-1.3265606622699,1.1440169714556,0.547388503365214
1.20974589331273,-5.5329615323391,0.546994743059443
6.4121780490488,-3.90054231697462,0.54689350896421
2.45965770484063,3.73657126652543,0.546543354502446
3.33878474198377,-1.37507274395766,0.546530966101752
3.46432951899579,2.75655413608997,0.546465534791869
7.12626369398243,-3.26149623032628,0.546395768646921
3.07629959876439,-1.32017414214022,0.546162444608517
3.17494325859218,-1.53544649022751,0.546009988240248
3.3919324013737,-6.00277662886602,0.545889031314983
5.02094221591518,-5.60340190192892,0.545688873586649
1.82228025859373,7.09145497143269,0.545553476596048
4.26151302978702,-2.66801903729456,0.545301053866563
1.59759051314011,-7.53369354931423,0.545095302693118
-0.369740342394667,0.802135997856283,0.54508234949255
-3.80551551989271,-4.15106872365542,0.54493879009482
4.14826842424188,5.23368015109056,0.544805365126534
0.213410176882366,-4.39935272170855,0.544769429050346
1.86157747212254,-4.93304087618301,0.544574585010332
5.25324901549493,0.204078066578701,0.544490042024182
0.337618878674461,-6.61659378923699,0.544431045197866
5.50362127915346,-3.33155454603507,0.544320202458004
-0.778017244736932,-2.61470704892581,0.544281674198974
0.235419906705224,-3.68482799343725,0.544198275800598
6.7937703358188,-2.21870605333349,0.543943509513966
7.70573736559401,-4.36055618157839,0.543938559662855
-0.240870623292805,-1.7267422101991,0.543914980659564
1.98743330879737,-5.57706243655402,0.543881836542147
3.45523338247581,2.25072180356084,0.543778608699402
2.48921506751574,-6.81357494737236,0.543504377587256
-1.36153667237005,-2.68855303579995,0.543489270184445
1.87348727840217,-3.39475204781949,0.542608127965483
-3.4877093286981,4.16597785261245,0.542225860357424
-0.432381899392416,2.05992748446836,0.542218474763811
2.8791287758241,-4.98404264317847,0.54212254549227
-0.159644907414055,-1.20435014228125,0.542104163496169
-3.36998760708195,-2.17005632140773,0.541939595162571
1.70953860056222,-5.8263155018121,0.541917900763301
3.95745718105422,-1.21649400678389,0.541817796449992
0.0195568301153811,1.4604091604196,0.541356891456397
7.55802915181706,-1.10513713661736,0.541323357380888
2.39006352288014,7.00529039752792,0.540882547206948
0.276835015355815,-2.59980628917492,0.540868805894103
-3.27593329688256,3.72346358449982,0.540614106209044
5.52129468046064,-5.32731859915973,0.540604016250472
4.4384541634647,5.87302415563559,0.540464890444693
-3.57087193311782,-1.30450773032269,0.540426178104901
5.65989496456379,-1.85767139840385,0.54033064257352
8.48980483505041,4.63045768856921,0.540068760612519
0.510157443523336,0.33420613053527,0.539575903324256
-1.1475328955252,5.06561922535984,0.539475706112262
-1.53007880141493,1.3543219090421,0.539291240170711
-2.1633223218743,3.58628869210946,0.539211088326711
-1.39984984794527,1.17073875343394,0.539159623204558
-1.91112175097962,2.71559305020734,0.539147255520662
0.960091057832553,-6.28374612398345,0.539107496846314
1.14968327976542,4.67992081526546,0.5389791713686
-0.12946672984545,-2.3154777843854,0.538971531676042
2.8813732822682,3.91354282006478,0.538860963080132
6.72655651817224,-1.81582584611476,0.538789224002573
-2.08831459791326,-2.5763392287373,0.538787388658095
2.79109761237296,3.22371903823845,0.538480873247029
-1.8587711782575,-2.84985432963528,0.538346994933149
7.88003468787325,3.64000089282915,0.538315159655018
5.18494885094924,5.47321795365447,0.538161445396417
0.484241197717664,-1.46204159297589,0.538112254705386
8.15192861271108,-4.20003349418696,0.538056040263757
3.78593079056283,6.62885361114321,0.538055982899218
5.26937147932118,0.615164655130869,0.537853353623828
0.0390323901369321,2.39468258950301,0.537722027545374
-2.39225646089616,0.530268208819391,0.537546164698281
2.74196523688343,-2.77912347327056,0.536956244858919
1.0737067952515,2.96444529938951,0.536753375753432
0.171274264844019,2.84519956833852,0.536668019215175
-3.68379062379107,-4.20969001399543,0.536249586893231
-1.66418412586672,-2.47146018946452,0.535991319817989
1.31726532450064,5.46970805417511,0.535799526922159
2.39948152270049,1.95213125937077,0.535773707426846
7.08042428350749,-1.23033702330653,0.535687114576414
0.832642560581701,2.8024284435605,0.535047947591319
0.239675837931928,-1.67173884713846,0.534979504155784
-1.51189990512863,2.71797015608102,0.534770841981124
3.50588137023826,5.09587116560197,0.534393080023909
-0.252240760599664,-5.11299204587876,0.533673537008478
6.19363514444858,1.6212954826583,0.533630832176021
2.49967302544038,-1.58640703133045,0.532844774336326
-0.126161267421381,1.95353017695458,0.532800274367378
1.62869165178105,3.70992214357524,0.532715124414942
6.56939718285097,-1.05607492453046,0.532522994688198
4.00571239404326,5.36343347475854,0.532007262517686
2.15872802058051,-4.17349816403658,0.531887587976536
3.87290686912976,-0.0358958331792966,0.531414199637632
-3.84199203734092,-4.7473037731232,0.531144173979479
7.07382095192886,-4.81286205398141,0.53105664093139
5.72577054001765,-5.56967386294442,0.53093773131519
1.20260607562566,2.12878827758285,0.530379292591458
-2.17351558746241,-1.82689386924203,0.529964220981151
-2.62739847855466,-0.332561190603612,0.529954768329906
-0.241415554614454,-5.42788812379413,0.529895414255022
-2.83665295572902,-1.3518380577483,0.529599452992077
0.031176310211126,5.00845318986161,0.529392746175687
4.39031566768556,-0.663462593067578,0.529384357050443
0.925700972061027,-1.71619728748969,0.52937396077904
6.15118103776024,1.94026981119153,0.529298969457604
2.96121465913641,0.211858580132263,0.528989753565853
-2.01079363762082,4.81957338311341,0.528881201865756
1.22396967093951,2.85491118120177,0.528776604329542
2.24171825870632,-6.35814276976605,0.528720520446323
3.98692782653724,4.05296815015176,0.528577947687778
0.784005233576741,-5.98056823114404,0.528400891533334
1.18418142115309,-1.91440222410445,0.528318875830163
0.859818267232969,4.0838629324565,0.528204718907012
6.51110020655293,-0.0185956863486218,0.528160138120206
4.94767147764102,2.82438971589471,0.528063204081112
2.97068417066536,-2.68228138597696,0.528061174623717
7.1112982414619,1.64521986580889,0.527752162912006
3.05008632505758,6.81971821105823,0.527715811468787
3.96181895319915,-4.23316785313878,0.527631939724458
4.11385317232278,-2.37817535014845,0.527311479740042
4.82679293784709,-1.3612128251676,0.527209531054722
0.354124539609956,1.06762863776111,0.526855970852476
-3.23426877966744,4.97075452479618,0.52676782497508
6.59659433447639,0.173844241177038,0.526632930790536
3.82958398013821,-4.88259726480492,0.52644469787181
3.18845973532822,-3.66125918166626,0.52644079828055
3.62201708998168,3.64164994475572,0.52584332024777
3.77248448952283,2.59327417229755,0.525711464592435
1.4618442022553,1.48310292979289,0.525253975765354
5.07009321287681,-5.55632480109763,0.52458635275651
2.75270635199168,3.36646350474309,0.524526381779424
2.28989701438708,-3.42448222463492,0.524447257680403
-0.279550111347045,-1.32976392779602,0.524248889151081
6.47568025780241,-3.30788509861617,0.524119941185669
-3.50982889152943,-4.56362102683677,0.523809092718547
5.2611522140536,-0.578838886176721,0.523688065706238
-1.02777986638348,-0.52286154872679,0.523291352924317
5.40336002169867,2.85606638570046,0.523226511102698
3.22406393489844,-1.64342553849345,0.522604387465926
0.500611376633685,-5.04364550030475,0.522246684063254
0.963890190286573,2.13810171066593,0.522175116069139
4.70602432201824,1.64576536065663,0.522157000730962
-2.05210554453425,1.17325595485608,0.521979001523455
-0.87718916245284,-1.76583528750847,0.521926698230569
1.83253280400152,-4.99655343085137,0.521829712227611
-2.01998417119478,-0.522274523550243,0.521771773439693
5.34938330738765,-0.0654451380119492,0.521758063106045
-1.4345977799483,-3.36921934600791,0.521510278784635
3.28940471954483,-4.68624739750818,0.521472846339794
0.593955188999923,-2.92986983972674,0.521252157430566
5.75374440486969,-2.63076518452555,0.520986850456655
3.98542153387189,-4.748651692095,0.520697726142149
-2.81936601884257,-0.904122553712385,0.520465484500674
3.16575506641243,-3.6620664461709,0.520302002960133
1.60727559506098,3.95041339657283,0.520048443868895
4.36769287141095,3.32138889261252,0.519811703920071
-0.541871045955378,-5.13010113403853,0.519770533769311
3.07934034507287,-4.34533580589157,0.519700939530777
5.08689419060525,-0.606012336065997,0.519640297192944
0.815980552082767,-3.6605857917138,0.519590323655893
4.49898480212181,-0.744869111664429,0.519544420636254
3.13594037116855,4.78231169696048,0.519508070946273
2.85391608951286,2.4616271539198,0.519356418184406
-0.506132006129396,-3.64113629682258,0.519263559660465
1.02375892019489,5.51242965940411,0.519164131876266
0.236899019960832,-0.777898041985752,0.518760804217943
1.85525294775537,6.59263750963485,0.518755909250987
7.75062104200237,1.46012705220718,0.518559656145588
-0.90563510896551,2.81046387577161,0.518482902176576
1.59522235496355,-4.93797286716888,0.51837357564326
-0.472843276575478,-2.49196542400247,0.518206594125041
1.23208990505002,-6.3396253302488,0.517909726255418
-2.87092984512409,-2.01189493295232,0.517860089964737
0.979516241082971,5.90026933811836,0.517775163535104
1.69702330729615,-1.43546445483616,0.517443978862787
2.02578487164899,-3.90615400299975,0.517416302608696
4.31860250587758,3.82612266160113,0.517348807652071
3.98365204273172,-4.53219538278925,0.517153901365801
7.48584272489045,-2.71195363100114,0.516135288658545
1.31209622011172,2.28156592325054,0.516002702450071
7.2476112900713,0.428988304294604,0.515458098290526
5.43085081172019,-1.64712160578765,0.515430456408498
2.01512230055173,-2.11655571487273,0.5152770807262
-1.90315970546593,-0.673651985469884,0.514798333810771
1.4512579488831,0.903492771611156,0.514413337146765
0.247560561164268,2.04477461101283,0.513976002265
1.41190212282039,1.97521912404598,0.513517177744237
5.77261654529057,1.45664537282765,0.513340360982465
4.59714735056812,-1.38390744334541,0.513331051342893
-1.19528881905475,-2.81876014020553,0.513309772354104
3.75698390999384,1.71184344039541,0.513177225448596
4.40269498109266,1.80519669629113,0.512964859154625
7.61606058339881,-4.03464531534154,0.51292349979473
3.24245399423936,2.33873156031666,0.512769700446564
3.07559860413453,2.40551019532354,0.512601080059252
2.2553003419406,3.54218578906329,0.51201695635265
5.31478678510686,4.23373059799842,0.511265206477856
2.56541236799507,6.84598561105454,0.510854221252173
6.71820966755216,-3.94250118715582,0.5108354409697
4.08878214097742,-1.90426538125673,0.510485141250027
1.45185916002703,-5.08035384893519,0.509862791538935
3.36466606396351,4.47211948196286,0.509790419410712
2.81002151439269,1.62771182309354,0.509787005553628
5.14284549141791,1.68692311294704,0.509477216052779
2.61932018716,0.701300287808514,0.509472235769371
3.77880108261324,-4.73272469099015,0.509238756186109
1.9460160346687,1.12910886069094,0.508960359054153
2.229443604304,6.9577701793179,0.508835361841832
3.51813032319931,1.98067078473328,0.508708878913987
3.56987856144652,3.30546093514679,0.508645335634091
4.43890194056463,-2.30577043446791,0.508462559258174
0.101829830068563,2.66607110285846,0.508388370908846
0.0600258163503545,-3.62427785212164,0.508117650235136
0.806842845731432,-2.72485399096692,0.50811165366275
2.77812417476259,0.624440921124746,0.50811081614405
-2.88909717666642,-3.59354425854226,0.508057827599505
4.0505612442753,4.80550629129616,0.506998582006232
-1.99692452278776,-2.09372609129693,0.50699669878258
2.94228769643858,-5.57341082986107,0.50698536201849
0.737604962825199,1.97189875997078,0.50686621548915
-2.8470193291629,-2.09787985171049,0.50677211498716
-2.38774272939569,2.24917837535193,0.506512050701816
1.88169738857719,5.65030281658554,0.506502101767552
6.57524618228719,-0.872845691309621,0.50601792434002
1.17660231339403,0.485320326650207,0.505984323706074
1.13423782993805,-1.05647033433192,0.505705745313155
1.02395213738696,4.71530683768572,0.505460251748864
5.0938327027363,-6.23367379570075,0.505239551603906
0.577599195512349,4.13868821342808,0.505178544563936
0.408647866157603,-4.84451296110073,0.50494848674463
4.42688876731385,5.65030218762405,0.504847790969758
-1.16806878637588,2.35199319913108,0.504168783035718
-3.35570752644771,-3.52229344991352,0.504096596822269
1.89342187728828,-5.05758370139467,0.504067151293827
4.01281491729512,3.68597805338184,0.504008552905249
6.59683064418413,-1.37780119691782,0.503992338585288
2.73417915678386,-2.0514776536366,0.503446928814731
6.99182127222966,-2.72079292024943,0.503423121258164
1.40292117587353,5.08459109179842,0.503292587148346
5.87483540085519,1.79875299814973,0.503272204612639
-0.805868231537252,0.144511068575604,0.501938399862404
1.59306688948352,5.31440395211157,0.501548396774017
2.87983189015434,0.838216164142905,0.501412477654317
7.18354848491328,-1.63740809721368,0.501152380621878
3.17151492400026,-2.06636942455841,0.50113735964113
-1.84202732726802,-1.57950925115965,0.501135932348711
3.15602483701162,-6.02537347167157,0.501132429237112
0.788441002054821,4.39222548730355,0.501106347786863
5.93228997421366,2.10067758642128,0.500798896183269
4.97875403358363,-4.40363381269281,0.500525717649337
0.167646682559775,1.35659565113001,0.500340178726696
5.61719258714614,-4.41791658787408,0.499672743975869
3.54756427093881,-6.08733633483351,0.499498753941536
3.92734857731563,3.85384124276671,0.499439900774074
-1.60818344430836,-1.54554828897306,0.499382718045414
-0.799743004120959,4.05719689088449,0.49934728457332
1.97194224357812,4.32342619640634,0.499306587811747
-1.17816207669605,1.92847404094707,0.499221165489945
3.3690213480713,4.52775376693945,0.499012642089368
1.4189004055925,0.112572902660755,0.498839367195863
-0.307655938456227,-1.24550439690222,0.498765348945012
6.57625559000159,4.58138036624845,0.498730915287399
2.95948695203822,4.1583868482744,0.498411426255991
5.98025273693746,1.6772860812029,0.498184112598803
4.19059361425638,4.28119281306426,0.49802411145594
1.41913839037335,-5.69825085141192,0.497954435080929
5.24898415996419,-2.73914136131997,0.497428561849781
7.76547435026017,-1.34479442049189,0.497368825191058
2.76193607239682,3.62320982473795,0.497226934702164
7.03916276078827,4.7496978838618,0.497191177038894
1.63982391905212,7.07755605087477,0.497048406601913
2.84677295255927,-5.31628741165985,0.49697393797963
6.74603780970631,-1.4564234806019,0.496840930127935
7.34972082218374,3.03328934020822,0.496661240559922
3.35526502887067,7.31630884051674,0.496605906297443
4.18200047218996,-2.40694264569861,0.496523317895055
4.42841699665542,1.92614308151131,0.496257854638987
-1.25494311815386,-1.74542661168755,0.496217212664684
2.54174701250945,-5.13898507132966,0.495959088624564
1.01962758071505,1.85905388576149,0.49589910008298
3.29776616399314,2.48717581398069,0.495870895714717
1.46017970345919,-5.59104951034222,0.495463562945262
1.62177168990724,1.5889322737477,0.495312614065178
3.21994152517237,-0.681965882779158,0.495245407196491
0.654938259263666,-4.15051193684489,0.495154681046798
-3.57821286583255,-4.74271681770271,0.495026362876209
-1.04963351824822,-2.4868192080606,0.494730156854891
5.19991895063356,-5.15551164964909,0.494665028144737
3.34709813947151,-0.0615480896437691,0.494624332788915
-2.87229384437057,-1.24942866697134,0.494591130966086
0.474323150344507,-2.56873141054096,0.494255884679278
-0.101075795194679,0.536425127261857,0.494192724595833
-0.677912073717102,-2.19946723884745,0.493915898085819
4.41728097019337,3.61660659871023,0.493800673606161
-1.64946921418648,-5.06869009877578,0.493790289455436
3.61222199196731,3.38319790776012,0.493599977570119
-0.218201454401244,1.36217404416114,0.493181809696594
6.79117573564389,5.03640892916605,0.493057641697957
0.573018823261886,3.29805688548008,0.492584113171873
1.45778134066269,-4.11877211060955,0.492527254424182
3.58563110020424,-6.10568550518715,0.49242967839979
5.65838370288678,-0.36833149490936,0.491703683505599
0.43903627890533,5.3224220812126,0.491336500167911
3.12034632654451,2.2940653054143,0.491073756774968
5.45184081364972,-2.97259146013587,0.490981679862736
-0.898426613278615,1.93142560175938,0.490829895658156
4.42280978548264,2.46564063461867,0.490646569265477
-2.98237728584635,3.34608524653165,0.490233913148979
-2.83820869474624,0.0686381545010862,0.490174157279858
4.21938492263298,-2.37781298919145,0.490131792440755
0.112863202918579,2.73951309417125,0.489942414884264
5.38022158559165,-4.86266040500661,0.489541730472201
-3.87853848582248,1.52094109080672,0.489327143176628
1.2288772570688,-1.40113836173871,0.489104090674185
-1.87942991605864,-4.60135145723742,0.489036003122674
3.84117373117242,-3.30266805942072,0.488976879160878
2.95889856122632,5.35099138352732,0.488941733908026
0.207857076489402,-3.14157260463809,0.488677078012695
-0.696716961219107,4.77512226957972,0.488610484819167
5.19613642495647,4.62546919738352,0.488303841150988
1.58268030882243,2.70453829124443,0.488268635753538
-3.10092538434843,1.87330414161221,0.488077185848437
0.123185399708531,5.20766020267941,0.487930108218219
0.422907508762487,-4.02814831984117,0.487218761126979
-1.33817343683026,-1.66407500918997,0.486985195623659
-1.51334198970931,-2.60972637574007,0.486910395246819
6.75446537873991,5.05143651179775,0.486445204623406
2.51004324764865,0.811252871203917,0.486174481955262
-0.744450525304098,-3.88246976157479,0.485589422211341
-1.05587463030534,-5.73666549463653,0.485546700954266
0.752646980331369,5.80073852153776,0.485411857682599
5.27850396824493,-4.96562708110832,0.485375884111931
4.16255277161415,-6.09443889402297,0.485160917599926
1.20081601355927,0.0668677067616512,0.485049090540725
4.06962752037825,-0.601952983247898,0.484998377415761
5.73965190167771,-4.20705090118509,0.484928880237764
1.39358756672232,-2.24129528222618,0.484805275785501
3.99589232566251,-3.24398940809857,0.484519513165157
-1.47575706658441,-3.56985099196116,0.484426070978582
-2.97545735031625,4.28474321452746,0.484407259024473
3.2229414233148,-5.34119775239127,0.48391910346225
2.27827054654947,-1.05413728650249,0.483630557061783
-0.812878469006925,0.024696418484238,0.483486442357626
1.28662421866133,-1.44933290534057,0.483030896357001
1.4750487386851,-3.86066541561411,0.482799254130435
3.65489153707206,0.814584364356861,0.482764089034045
-0.11130846069072,2.16048331021789,0.48258731839583
7.90922263995901,0.619693638975952,0.481525571610891
0.0866062469131045,1.29957135203899,0.480977246600425
0.0303096000779311,-5.32365054788778,0.480950864118556
3.65471989058211,1.98516478308207,0.480746554580006
7.07966884959582,1.66330482894493,0.480222738110804
1.8942247521126,4.13717290568955,0.479852702535976
-0.856691774339898,2.02608750663753,0.479803061130119
3.8759091705869,-3.41126189138501,0.479552948399514
6.24077435195964,3.91825600346591,0.479449991570741
4.2126709579542,-1.76154759551626,0.479434377531626
3.22515303906132,2.65131852340096,0.479243242870972
2.69085142898299,5.00084358512615,0.47911886523826
3.42261178889804,-5.07179796765387,0.479099773828093
0.289349518910032,-1.35433428422487,0.478917230025628
0.0207523102727868,5.47097711603203,0.478909189506323
-2.73938636757719,-4.68645373702836,0.478575549808707
-2.06833989428427,-3.30111230658247,0.47842465722886
3.07180585428125,5.14832051931129,0.478346562464608
4.8839805127097,3.93668501498804,0.478093035649182
2.01720066351939,5.18199696766322,0.477756231903622
-1.95265590014209,-1.63522755304644,0.477449298348375
0.524262634497388,1.8364685036153,0.477344730836566
-1.02460438727435,-4.41249551271338,0.477170037382333
-1.56147780484552,-4.34308414608526,0.47708318948636
0.0336968193029392,-1.66338643137576,0.476862938866905
1.50448771208854,-1.29039903020188,0.47655233601022
5.45279948941559,3.26906815551168,0.475906875256261
1.04683456601909,6.18837480157112,0.475797759422034
-2.25538937525227,-1.32063108040759,0.47541114447104
1.68747122495974,0.775396039750976,0.475319334606982
8.5614817131837,-1.44799300947672,0.475165102789313
-1.43388120605789,-0.0123435108743102,0.475112752866789
5.05220378694933,4.32072550287383,0.475101675770909
0.942532830752475,-2.90282513414096,0.474576507735882
-1.18911579676314,-4.57578643541602,0.474462757227109
0.0716042508674723,1.25916795790966,0.47439231135198
0.330407065144488,1.75472763237455,0.474240187178614
5.95315599829716,-2.32600514503758,0.473886790260607
0.905258122011593,1.5471274482371,0.473220438910259
-3.05308079773004,4.23759696349499,0.472993866038453
4.30516286598053,-0.459980967952293,0.472956798273735
-0.77352352083981,-1.88027686171191,0.472853627734524
1.62399690778532,-5.77608138336588,0.472837355349833
0.893428336915614,-4.85779199102258,0.472826796232403
1.88196164180826,-3.31457240294287,0.472444333837897
3.55762145045673,-4.33502620067958,0.472319065770804
1.64209096028544,-0.995962108943179,0.472005550038433
1.99056964040958,1.64076544912531,0.471225262546762
7.4653066754672,1.15680385190427,0.470720655284599
3.5219304276725,5.5347561311455,0.469981544097293
0.480934278842696,-5.80046152943241,0.469457341945234
3.49141936101785,-5.8006394743663,0.469431022864691
2.47479538347242,1.1217089949838,0.469410264514548
-1.80909939323994,0.221180659423064,0.469080435611295
2.46825931155513,-1.91767112373858,0.468560538801901
-0.579437698356381,1.38570186772949,0.468296862821155
-0.759680481826761,-3.62523023625185,0.4680843779886
4.5131990682184,1.363836641221,0.467989245246772
6.58267336538831,-4.28946802987557,0.467893290145985
0.633733497327718,-2.74411494694453,0.467856286233038
-2.4331927734284,-1.79974355089128,0.467614376272985
2.05795611987853,4.99402951125923,0.467465970468729
7.44321302305304,3.79193793490112,0.466839623356941
1.83229982312762,-4.4910173204548,0.466342490854988
3.97093575462683,2.39383109834854,0.465672358858805
-1.93450849033539,2.33499528146117,0.465639494261074
4.13148666532792,-1.47402695424171,0.465502589518599
5.50605832269406,5.0961888388137,0.465423088351445
4.99389114768956,3.21816629180318,0.465398503549576
2.73389523396613,-3.1186362233342,0.465221847882547
-0.915299946008933,-3.83299409628357,0.464790633289026
2.85882289782701,1.20535722898173,0.463467436042576
-0.790876851837275,-0.924167347827893,0.463324771635354
4.01340537698497,-1.48473794438872,0.463302589418228
3.03957699215856,-4.45997878362696,0.463273261335998
1.67722284038666,-2.68703875883014,0.463273151945878
1.38813040030218,0.913170315293434,0.463123919010659
-3.29563501775473,4.74747130288047,0.462684283004148
0.281106021401523,-0.822852770285501,0.462337197693055
3.4373534328236,5.02853217040275,0.46177449486527
0.320022779787317,-2.34422660293967,0.460914182546593
4.481893703377,0.806714418079517,0.459742159337376
-3.38401209839659,1.02967696202487,0.458772420582114
0.0260919341250755,-1.98588910810654,0.458709266442848
-2.52896475016531,2.33947025728301,0.458630194240087
-1.50080470286943,2.04423354778421,0.458073633545042
6.01652930807162,2.15474985893265,0.458043935310245
2.88535532230564,-5.18409705538229,0.457951846334422
4.08689055153706,2.10288727311685,0.4563087974949
5.15101943314637,-0.46480031585253,0.455920594544938
2.66298618318318,-4.66342069229966,0.455646548367182
6.9536090455545,-0.243370849520165,0.455589391181208
0.449743492584796,5.12991108002856,0.45546791700108
7.50103610315674,-1.39454269040296,0.455315545520208
3.28565732382681,1.3703236958649,0.455245504708314
2.01372512245013,4.16745554341348,0.455241341067114
1.73918831943705,0.48750108504636,0.454943159833209
1.67589710787303,-4.98751022131442,0.454112759787706
4.88511186067792,-0.673370454776231,0.453890046512747
5.75006430008418,3.41202425598113,0.453475402694621
1.87654925044867,7.22863352848556,0.453218398292654
7.06585862472613,4.43992970146584,0.453016639400821
4.27119669524404,1.99813412389669,0.452367750452544
1.44072640983783,0.983398436888662,0.452299095682092
4.27560933359097,-3.75860982250048,0.452190479130997
2.67679505660528,3.00865566372429,0.452105286179163
4.91782684674842,0.765423052954514,0.452075959073527
-0.661754477655065,1.13853574497482,0.451963425182731
1.11494658157888,-5.23011437275482,0.451918354684079
-1.11760743591685,3.51772794017171,0.451720710324786
6.91509473341534,2.78392750164556,0.451011638226825
3.85947920309548,-0.563870241932474,0.450726282646773
-2.5267094833653,-2.05933588213513,0.450723889865679
1.57938603597854,-0.102420034733074,0.450392262589808
5.2993901499938,-4.3925271567362,0.45034118480885
5.69223076779068,-3.32381784996153,0.4502136367014
6.40267002365581,2.01163267950279,0.449945846606456
-0.161779392437303,3.50001239632522,0.449778583673514
0.280137564990826,2.87727825341611,0.449712581368654
0.706622184278157,-6.25400244820343,0.44911217047922
1.46611250421539,5.03585847660796,0.448918112520709
0.53855031099346,-2.17690652858442,0.448860003266693
-2.59948345775271,4.81940759782007,0.448382048019804
-0.567802254272682,1.03101737174038,0.448330408009088
1.7926101991778,-3.77616590149334,0.448236266730507
0.783891066730626,-1.00197092907322,0.44811020594639
7.57970414384955,-3.01516341007593,0.447852679784212
2.37647304237187,5.07393632943947,0.447850899568956
7.33768366340598,0.422428012939656,0.447832643843554
5.48303649307418,-3.31299095462946,0.447593614365668
1.58423043845886,-3.30102421141043,0.447498357662363
6.66737344970306,2.38554191563705,0.447034625418764
-0.653009995870781,1.90290650928835,0.446823301234047
-1.12014528816106,-2.59226119401808,0.446667779957544
-1.13896665801122,-1.9137170142274,0.446249505296634
0.697985709843282,-5.47405753670023,0.44622999640537
2.62429143853548,4.20082272516222,0.44581873026247
-0.0758139796697269,3.93965047482371,0.445317202683092
3.94743013413576,-2.66197945172847,0.444999294218943
-0.138609168593989,-3.25705563931431,0.44493452949267
-1.47443797156582,4.058819706117,0.443947125371044
4.69388305380923,0.246511816133336,0.443671455122525
-0.954048514137727,-1.3324816407995,0.443331796413235
2.06037173498652,4.12669470095975,0.44304920521862
1.25528108446825,2.98418485741552,0.442693765381875
4.08243911964398,4.31155838754852,0.442285789313695
-2.65063915407134,2.19480260610319,0.441787113745508
-0.898126119833274,-1.81667132265687,0.4416778456242
8.14078368036734,-1.60724736220793,0.440937898769661
7.72393159977513,3.9842216874769,0.440708115069845
2.35564868709448,4.52197546688822,0.439215474763862
0.128122771210424,4.36354218153209,0.438699922567992
1.43434007701066,-1.3491309351418,0.438632917962491
5.99900747716869,-4.37934788172438,0.438520217137794
3.2886670778828,-1.83102871256353,0.438488018358528
-0.860700954890818,1.3655252849869,0.438197717366478
3.12082637898235,-4.97324856851627,0.438182480846402
-0.912348283788812,-2.96373455700171,0.437480527715833
1.44646168411013,1.08112694126185,0.437269578935177
-1.1192146499446,2.72274804840114,0.436284955855397
1.10752763580669,5.16869786503822,0.435394857253319
-2.83009499035984,-3.95926295452891,0.4344627214796
0.903026683336531,2.7801269564908,0.434268938692958
4.02384235265009,6.10386714292048,0.433690012067042
5.11573212706612,2.4466075528514,0.431694469460131
0.604874770822126,-5.81562820033514,0.430749434212963
0.326967224013488,2.30219893477785,0.430585246271665
5.44124729550014,-3.46665495467994,0.430582326998871
-2.84770348105197,-2.70095899836776,0.430147729236829
1.99567969581932,-0.487885859478134,0.430078278669838
4.04816652685409,-3.12063107265156,0.429674348187746
6.36990677185952,-1.92715429366191,0.42931614555642
8.85205956810045,0.95632592725105,0.429226386503156
-0.0367268788309775,-0.66769125255944,0.429220262624541
6.60358802264166,-2.46778353987169,0.428795400113214
1.83620298999138,2.26933656634204,0.428450421838799
-1.90774522972442,1.80196743928209,0.428066117880165
3.47454059497529,2.56768447694272,0.427972609116021
-1.85163451823272,1.83547490248574,0.427613553854621
4.26295906136897,-0.567187146134184,0.427394079228818
-1.43991590737461,-2.05213700670848,0.427112609669137
6.16455866982511,3.93338982696663,0.426536578979583
5.18541343856189,4.57581689752663,0.42620784251317
4.85911119862235,1.94890775371634,0.426191986542444
8.35801572411313,-0.172443077155349,0.426177732370899
3.75677670708749,5.17740321745077,0.425652385228528
3.66019835157112,-0.96487945590776,0.424135317963054
7.79974037208043,-1.47380048204801,0.423942790134158
6.03360409865031,2.26162583591774,0.423680543024473
0.684987180761956,-6.19264407937196,0.422333778719835
-1.49430559758367,-4.41482358256765,0.421910661205283
-1.37274965849759,-2.03692129550825,0.421072972452091
2.84006819267306,5.81084979337726,0.421029629095081
6.86184614625664,4.11269698481852,0.420974827648591
-2.42856556997821,-3.17387012660432,0.420836612453723
7.00912755284649,4.38107213935619,0.420467707297094
6.79155932277361,2.00917011005591,0.419866738448771
3.15062381117154,3.72578959338487,0.419785700197403
5.97140406264799,2.06424896601377,0.41915050134246
-1.06353505701046,-2.88871386314275,0.419069810449917
5.26502610394078,5.52543621704262,0.418936296991441
4.85381004063802,2.19034391525833,0.418487778260937
-3.09644671963103,-0.663493852367493,0.418462947772545
4.57529943023383,-3.42704695516298,0.418279890298611
2.57952774090693,0.202654097685928,0.417934339502809
-1.2186268333973,-2.1295764258541,0.417748131384617
5.23220814794857,3.26175779516904,0.417112114156286
3.82269270555801,-5.10459812020797,0.416515869053927
-2.51481503735116,3.58789230033456,0.416144940969265
0.588898141815984,4.65979205414339,0.416005285047287
-3.29414041789729,-3.93544329463201,0.415731113370955
4.84105789226941,4.20692618446252,0.415446841376849
-2.96813695379205,4.00245246243907,0.413775584724855
3.44655251885061,-0.622669602407026,0.410289543399916
6.45299157503158,2.41017170156588,0.409690922675892
5.15077436492744,3.31570789261912,0.409244985566053
0.449557476637319,-0.0951606369252675,0.407502581070354
8.57836126577787,-1.03010461767751,0.405964550910662
4.74545642581448,0.570210533820553,0.405767829857508
0.40825703634701,-4.12769103263283,0.405636963101768
1.59673328774211,-3.25601810611545,0.405447805398216
6.83716115947364,-4.45162740205191,0.405321620707144
6.92071231663148,2.77665898273091,0.404552336140886
3.94428953587736,-1.96831482299486,0.402844167359554
5.89486682123837,-4.39165006649862,0.401650990354051
6.42643547393733,-2.58133522554804,0.401643438164347
5.02228832378552,-2.82193048133618,0.401529664713189
3.63413539427386,-0.602975554730451,0.401076330470065
4.39058201343172,-5.62676233491592,0.400147618712255
7.11887267433556,3.75235970942933,0.399800511797505
5.33348035901743,4.33396498687029,0.399713601696441
-2.82047830813653,4.2357063772017,0.398835175546589
5.08414901174923,1.99364842334037,0.398233753106776
4.17419644519708,-3.72881060098695,0.397599681989176
-1.24175131839545,4.27562363143904,0.396495049252521
2.44059500962278,4.57343138092642,0.395426911682148
-0.889199988034778,2.04703191036685,0.39536813126084
6.07380760857063,2.28596583287872,0.394599808755315
-2.84305565953686,-3.6140487252068,0.394581602540285
5.03565223570758,5.50652014653808,0.394461932717588
1.08300480748913,-5.15509541160721,0.393467213862178
-1.15605501396936,-2.2982240573753,0.392991060249915
0.114055911047668,3.27458491675892,0.392276910027928
4.48730795756599,-1.85519219223936,0.391983925023372
3.49303626293669,-2.63747463923542,0.391725956132378
6.23651191527609,2.9826011023552,0.391323665085095
5.94665248281659,-3.55555344370009,0.391263329633603
2.10197743327688,-1.26454881854098,0.390984079855375
2.68652170450039,-0.535774584340461,0.390919431267019
-1.6159280551016,5.39407719511982,0.390037206129916
-2.23544495144195,-4.16845347146239,0.389404617186988
-2.3460388693993,3.42045050660373,0.389144023202162
4.2676375156993,6.07568753910412,0.388791566998167
0.313108723240026,-2.65624515831734,0.388237691404938
2.91888163652279,3.76346685513088,0.387940216829597
6.81838561979736,-2.00585112649238,0.387868124764221
1.31285466039287,-4.69946975071903,0.387159353020931
4.10403221435137,-3.25354099707579,0.386878563651059
4.74171833446696,-3.48732194964907,0.386638656665399
0.640825680177051,3.07987959185326,0.386342396350063
7.29413171551648,2.61675196017998,0.386142864776213
4.28756579345279,-4.77101628336086,0.385970997323241
4.14113063677321,-3.93286888672544,0.38567770482103
3.69886998782511,0.886883874985579,0.385519160192056
-1.66605226203096,2.59158248956228,0.385218172338903
-3.00345261384494,-4.16213173112167,0.384987247654504
1.3719356519455,-4.06931373439716,0.384606050764701
2.19645038606878,-0.644620431174481,0.383640489808862
4.18692043941797,-0.251539687447552,0.38326528267728
6.32723596470893,-2.80846154003276,0.38296273644169
5.32297622708032,3.03354217026121,0.38260481960197
6.05505002279015,-2.69290563311385,0.382426520936317
2.61451616721334,0.558423815580963,0.381358654723445
-3.2001084199437,0.446132470476334,0.381317509499766
2.29052082407844,-1.13971358836826,0.380647009314018
4.69912342175298,3.37077910466451,0.380367371580158
-0.407466279442448,3.2711527425778,0.380074966076924
0.481547328783778,5.5220027079916,0.379846888991105
-0.935045482484101,-4.34643995087192,0.379485845485604
7.88849323073483,-0.0185067046587744,0.379294324366896
-0.968219320369319,-3.09856812458971,0.378846469183068
5.0970118753099,-5.25638690896728,0.378702350928229
4.53671239679151,3.06997435822385,0.378639585579166
4.81097816543907,-3.60428545875738,0.378615944320015
6.13702784496799,2.20703315668043,0.37853331572848
4.71619195247819,3.31644869709458,0.37843978884087
2.66488625697688,0.686687240129729,0.377881794424818
0.163836259884145,5.9651198435658,0.377477845763847
7.30291478625314,-3.97144307430875,0.377164128901243
-2.94511426671124,-3.71455553442838,0.377036484872399
2.61135713971863,-0.836390898081074,0.376874355816378
1.39469548123575,1.05258254441365,0.376169741638399
0.13086226193306,-5.4074839687353,0.375256924255398
3.25621190461733,-4.01480395576909,0.375159038893954
6.47463640938346,2.32615060947544,0.375019345874697
6.71928134698459,1.82404616392259,0.374985615252361
-0.0407836057981805,-5.06486381466731,0.374855215866444
2.01809520350231,-0.226089754830068,0.374727783823578
-2.11375991678571,2.67855171181836,0.374371867096208
2.97804088505802,0.810115965537601,0.374066809954288
0.0685129273381433,-5.53309732858148,0.3737677974601
8.07013594835887,0.551149860247323,0.372774844572798
3.86528189645197,3.05046749655067,0.37276606091216
6.08952539539386,4.31387900831996,0.372175184873845
1.06849071811316,-0.660440448519554,0.371449567661864
-2.04148546145424,-2.21599258767339,0.370672853939743
-0.180943989341774,-2.69155465945369,0.369201857696057
0.0479208196397502,4.69182723855665,0.367940003297437
3.79875146792944,5.13762814327356,0.367888076337078
-0.171343425507434,-4.85764205232283,0.367675814898605
-2.63113286725858,-3.44180200506304,0.367516542443164
4.80932776876777,3.88473082538377,0.367307073617834
2.90214552403539,-1.96041922118088,0.366773232281205
0.988692849814922,-4.41882602232568,0.366351329857249
-1.94951903050966,3.4557759668391,0.365820762569377
-3.88272939434681,0.833696760845516,0.365754451748821
7.66253150511554,-0.254267306966276,0.365284211180389
6.91889895976494,2.56444381148956,0.364508549026513
-1.84351060838644,-3.28231848279706,0.363780729458698
-0.303285425054616,-5.08023604255944,0.363565168015818
2.39202887215146,4.42024849930139,0.363356739388942
0.41796436738565,0.0878663067713334,0.363096737022348
4.01593313423394,-5.6056208284979,0.362953813693586
-1.86436897160573,3.6446523397571,0.361967656981336
-0.613490550608196,0.3836497520177,0.3619495188925
-0.15729599196528,-4.9782451943903,0.361666539952711
0.307280606196788,3.47686251626095,0.3615346104911
-1.07559967387112,4.51403957603249,0.360187075109243
-2.54389103515707,4.21607423872809,0.360167819074237
-1.30161785419079,3.54120900396675,0.358811520872472
8.58128289437589,-0.895482197531693,0.358299886117137
-1.98761995348521,4.78424200678077,0.358253452186507
-0.811717608904252,5.25939522685628,0.357721219694088
5.94101414268012,-3.05753291100602,0.357308639181127
3.027914769059,-1.33833340455604,0.35709799979521
-0.431972393275987,-4.17620920533786,0.356471760193458
2.41416929661797,1.03557055873234,0.356234519136362
-0.741362223831461,-5.72526758355482,0.35616139257276
5.25696303689945,-2.64260789773098,0.355438818093875
-0.833044245916775,-5.55502545081933,0.355405166289342
6.79312051706386,3.10327020605982,0.354170687903833
6.37194541085662,4.19172205875914,0.353844962120016
1.61187011225363,-0.139686342580064,0.353697543810843
4.99104972189369,-5.08319897667132,0.353526097608439
-2.04994372597607,2.66139366255333,0.352194290375919
0.936466531695169,0.628784415579887,0.35216061999122
-0.243112401115316,5.1907729699179,0.352065971336808
5.29904682727225,5.45400486821946,0.351344690790636
-2.63747023228059,3.1539795006061,0.350811478521649
9.05075468264617,-0.734768921304058,0.349821169710962
5.21393437931765,-3.84986471368157,0.349443536833373
8.73472690481118,-0.863827536620686,0.348972296891675
4.25199065441932,-0.4797005269862,0.348547064615812
-0.996544375433171,2.68276417422378,0.347503248631056
-2.62920647646139,-3.59913800143152,0.347008584118235
1.8903521738437,-0.425938806737578,0.346583713357699
-1.50534797110684,-4.55744539936865,0.346087269349311
-1.78113594644213,-3.42568020066063,0.345419588066501
4.12238090769676,-4.40759863408346,0.345091351510107
6.17091592771672,2.32674373723781,0.344592752693441
6.93593666690994,2.42870310076653,0.344488575014657
0.657676189343565,-0.643198417537813,0.343385418610505
6.69110609171784,3.1630213525372,0.342898212036976
-2.36357534541315,4.55012377190508,0.342795780549617
4.31107031243869,-3.01319453867298,0.342780188870546
-1.36688153534589,5.42104628236161,0.341860821762299
5.19238296464221,-3.292566640988,0.341554890342912
6.13569945767756,4.42217198772784,0.340716326225153
3.53307371150549,-4.1498910958467,0.340466984265682
5.1420383147473,3.74300384491234,0.339956990647406
-0.392234933529865,2.15837865544282,0.338822144604997
-0.534527794931836,-4.30960945097924,0.338466913248069
0.513650605155691,-3.30832884244636,0.338464758739623
6.59386287077865,3.63239961129524,0.338162378652474
5.04053216108118,3.90308676283051,0.337832361014059
6.88167245679879,2.24490067420766,0.337631366588871
6.09796382398938,4.01345530663312,0.337210901794943
-1.95148442000863,-3.61434573773938,0.337062113829256
7.67433355378948,-0.515756249969757,0.33702276011033
5.16087317727519,-5.1235466303384,0.334933678418338
2.83761607322933,-0.698528382249068,0.334363389811125
-1.25873399912164,2.52288174992256,0.333256058914027
-2.01451506224881,3.82745696795757,0.332695680559932
2.84326649014731,0.246426713243109,0.332477561895884
0.535707276508001,3.95548037703997,0.332245286732175
6.29482403908866,-2.16210207086962,0.331610088066082
-2.39744625734494,3.05944109540052,0.330062700639304
6.51857476038929,-2.90726730927409,0.3293484176837
4.13286999142903,3.19395550319486,0.329139509521736
4.981203574469,-4.97507847686639,0.327723448162129
-3.59279991421082,0.722551506928965,0.327319718556068
0.866737708266765,-0.560066531916675,0.327316681334182
-0.954681778514102,-2.55054287263702,0.32488524157686
-2.60131066652431,3.82370691837637,0.323540653918547
-1.93940708053648,-4.86771697127277,0.322496158722563
4.35896386100026,-5.31743340598574,0.320700645731592
1.24814856187239,5.03359924693877,0.320535774813294
-1.60923303126317,3.00049235896822,0.319407392089433
-1.34072067736803,3.82593450697039,0.319400213440764
-1.76282821797394,4.69251015248415,0.318939455364941
-2.19836759925698,-2.98463065451408,0.31853285218519
-4.34192184880208,-0.668461989325003,0.317546480349103
3.51334284634302,0.105606618828028,0.316432103399867
5.3616472312449,2.36953056818351,0.31629338846865
-1.60624575449639,3.10687060708971,0.314314831091812
8.64534982125852,-0.772667729116551,0.313533573923815
4.8550151051973,2.32323322699541,0.313208885005156
-0.0422996883798897,5.61153807170537,0.312456513117215
0.94980405168676,-0.656157624686548,0.312058384975892
4.64214328700554,-2.46449528969172,0.31063532152153
-2.44556884839335,3.99863699594631,0.30985915832392
-1.53531771581452,-3.39805271177498,0.309393046015643
6.65657389126174,2.3682182830801,0.308592415060932
-1.46010093474813,-3.03755027393132,0.307916322826324
3.97821490807685,4.25284313009805,0.307294178279703
3.55911358104062,-1.80640182064855,0.306550747320662
3.47299482233389,2.72434058155432,0.305476510900997
-0.518151651935609,-4.74335715588928,0.304840322107923
0.380765639232083,0.00452944568527856,0.304131887932577
-2.35856615326155,-3.84458615963268,0.303281300062053
8.32539866007475,0.520506031998691,0.303050236376026
-0.067799469582622,3.05516670995942,0.302957764472816
-0.543403857569046,5.41344680263029,0.298704017404558
-2.68694461311845,-3.99296810272483,0.298418353523941
6.2942733868608,-4.78445598384102,0.296377678738262
4.58505416649878,5.45445987030865,0.294073962294453
-1.99573662140741,3.81111011694345,0.292752816863706
-1.16827256840891,5.11769521877814,0.291139507739091
7.69049874841049,0.517077180873681,0.290899508901357
4.64522462212005,0.479072341033445,0.290679762992423
5.9403108505329,-2.85631241109928,0.289372514663182
-3.8233081301745,0.595497886153909,0.288841641317897
-1.92904308730011,-4.29737907858885,0.287411846800085
-0.688087145236655,2.6835480103061,0.2864611245675
-1.54881793736137,-3.369578791242,0.28617733529554
6.54161055517367,3.24325058423462,0.285543984742401
5.54684828555093,-4.02647127919447,0.285394516196103
0.992701182706596,0.664753071024677,0.282926454130191
-1.95785246994625,4.11825442191522,0.281746445286623
6.55202951006334,-3.87109802846505,0.280598181467495
2.57535111797281,0.0590517753272915,0.278612178051426
5.68461960215289,3.09183114163552,0.278326505937316
5.26393242883606,-2.97476662278477,0.278284790160563
-2.61791380540662,-4.04313527254702,0.277701313298806
6.23859457209973,3.01765239701699,0.276912057358584
3.91803922966908,0.0956747382894558,0.276589239163257
-3.52402110670565,-0.626225253791846,0.274881205376713
-0.304414842148723,-5.23484856043617,0.271554628684694
2.20358784861452,-0.17233888730668,0.270946326846043
7.90208350839581,-0.247384972328904,0.270317942758546
6.12475286910267,3.13885375658306,0.268300749363886
-2.30522514842335,4.17339865957314,0.267766650097121
-0.372867257350566,5.16100374504784,0.26760340150366
6.77899144697118,4.02239560693281,0.265771098045816
-1.3730838338951,4.97502746892546,0.265231262276899
0.662430169069625,4.50330606441329,0.264467280305488
-0.395369667027722,4.46755375355335,0.263008840162612
4.94819334779865,-4.22445986273863,0.262877692229418
5.20919232452687,4.40583257974989,0.261886430637281
-4.26636751516602,0.51860203908533,0.260528124732198
1.18593324843585,0.623377809617383,0.257764105964432
-0.698215298528183,-3.74648324443329,0.256681595313413
4.27565413653146,-3.94284716991612,0.2556667871767
6.40443887898161,2.57568080197295,0.255330291010927
1.06058108178779,-0.487662287533039,0.254201147578234
3.65402167337434,-0.871266239130183,0.251701725257705
-0.677956236161877,-4.47270891951213,0.250706696919998
6.19156492186529,3.20514943322503,0.249538367820096
4.21568761837119,-2.89084869664003,0.24939342699633
-0.34094658091858,-5.25833591987498,0.248090842827483
5.91256427410717,3.66858581822307,0.248085969294047
0.0910385241419854,4.11205062355332,0.247560848602911
0.722007516843924,-0.22957946786286,0.247205323198622
3.0625915380739,4.35750480030671,0.246796551857687
5.71217736943226,-3.58866590365114,0.242748009722378
-2.35649184227827,-3.97169696253372,0.239998432608074
5.64782353497129,-3.26168779111104,0.238079787506959
5.99460940931102,-4.68090259879734,0.237405313603977
-0.735778993683657,-5.19474824088855,0.236668803889575
5.96617049212347,-5.04242625313496,0.23627313525183
5.79982624811618,-2.30056809090264,0.236111763949738
7.99081191781268,0.477883107797927,0.235554275771784
-0.0940134757141558,-3.35111613330873,0.231576528243774
6.18706498641473,-2.69021443451629,0.231184925352254
3.25705362368717,0.111659658274859,0.228701557983316
0.855507109938748,0.439554542037119,0.227943440730297
4.96488989674683,-4.47279539802731,0.226021127945054
5.15240680176859,2.64685948372069,0.225673655450299
-1.87099891347288,4.87963996295006,0.225257285229234
4.95824255811023,-2.88872875842872,0.224992892675479
5.98566715097665,3.05675520284056,0.223106354261189
8.51655774659226,0.373392668454098,0.220564905756105
-1.8922854346772,5.05734036145382,0.219374524520312
0.923912409460039,-0.119645074853542,0.218343237936329
0.947792501089896,-0.208367866694422,0.21321977086718
5.74834450639535,3.78730843358848,0.212400126592834
5.52849661075164,-2.23243531560074,0.21160692967458
-3.93815136849385,-0.457187898104435,0.210586672005497
5.19132610798812,-2.28949912894425,0.209339790441222
-1.08309230625559,3.49386171239211,0.20874483515607
6.67122511086618,3.06984936611971,0.2081113339131
7.80238053440168,-0.210331041149558,0.206794355776581
-3.35338779502347,-0.0123519435763542,0.206417621742771
-1.2402431713359,3.40754750590288,0.204032126939198
-1.70965142721403,-4.28620271382211,0.203066898524018
-0.536841362004323,-3.75496306267718,0.196361006563996
5.55008453038612,-4.21687235768503,0.194838226065222
4.84555274050861,3.66436669663588,0.193689734087553
-1.32536418898693,-4.58211713416166,0.181495258122396
-1.49780817370703,4.67941005334534,0.179731031765565
-1.64163023576026,4.61992392848948,0.177842722031512
-1.01686153903472,3.76410721620652,0.168356543438557
2.74786419437348,-0.325743933672104,0.16671458592839
-0.50628623529042,3.14667146262581,0.16541106610444
0.767290325931426,0.0255006283522426,0.162198528145213
-1.36997570672387,3.86455085423588,0.162092744446402
4.85769783558408,-0.457641644760105,0.160870095123206
0.891136944588542,0.24927790891743,0.16077221351779
6.02898201690039,-4.13476027982818,0.153227560498638
6.43554517207922,-4.01963397260527,0.148890688473408
-1.84539305970328,-4.397986931823,0.147902687129356
-1.38110962363123,4.0047296245954,0.144217044804453
-0.768018822971151,3.60371609034522,0.142384534873758
2.51859773279535,-0.375309653265513,0.136703462856435
2.6162439430402,0.198013579776662,0.116615828784493
-0.463645233629303,4.28965067867487,0.114597789611388
2.1511697668527,0.37786078422192,0.11369172790693
4.84488655225348,4.10580174073436,0.11022798703742
1.28919354108924,0.103584828612244,0.105048427464696
