-4.46628329269976,0.586981743828829,1
5.18303203799164,-2.0805692374823,0.99517034632785
-3.45751385476873,0.218675650189804,0.973364216102225
-0.9167014303401,11.5485664426718,0.956287549563685
5.39610976440563,-4.09035217172526,0.95536999913367
-8.96557319711592,-5.397997772323,0.942363947109036
-4.12287640545418,7.73613157234541,0.922922734069394
-6.78475849693045,1.7128448089406,0.920352781416906
-5.48439323000061,0.735184915924461,0.918321633836781
3.13860277372132,-7.17809547178898,0.916828358032371
3.25205712247585,-4.59089573661503,0.912292581481418
-4.0401057088276,-1.62878640507682,0.911550702424087
-6.85221412161856,-2.11147395128909,0.90927515277341
-5.89526133969603,0.125413848985068,0.907448842809226
-6.80929553591987,-4.46346791181459,0.907163375281631
-2.24662154912069,-4.72394124921745,0.905587511278946
-7.03762104628811,-0.748016969150401,0.903109465531934
7.20856090880529,5.93058492292559,0.900294974399502
-6.83064564209534,3.20634853522399,0.898063764005323
0.633734732493853,-8.84658998377296,0.897984762850999
2.16122598418006,-7.70496576064739,0.896756707892319
-4.88046888084476,-6.94819325764061,0.894866093555764
-7.59375182184351,-6.61356430227622,0.893462069907517
-2.13581375880326,4.34224828586788,0.893188847241943
-2.54345467067074,5.9351368664889,0.891753749758568
-8.01540925714957,-5.24264758623232,0.890759486601418
-2.87096113411184,-4.03622942605523,0.887804433605439
4.06314188753204,7.78516832983982,0.885192942472881
-3.40890433544119,-5.53201422678509,0.88517094396231
-5.89315270171058,4.69500004179374,0.884701277635136
-0.386538940839462,10.2768137512119,0.884266954446681
-5.11301337673882,-3.9676763987999,0.88410902675066
-2.34391214039934,6.69790822197669,0.881643185716018
-5.89000353804559,4.51993649896696,0.881135156838308
-5.43119875387844,-1.0547024398869,0.880431038392924
2.05917012659032,6.40860845821055,0.880038361703489
-8.28906339161911,-3.00607406429962,0.879133839965534
1.14703622122234,-4.16518412360463,0.879072371469495
-0.684350221126901,-8.20722462710388,0.87796073922378
-2.58513803492041,-4.45684567457422,0.877377660555734
-5.02775456215193,7.6042275773929,0.876255028572094
4.98853128548664,-7.54959776185738,0.874968849204493
1.60314626727122,-9.20331749469346,0.874713510138579
1.10876594256666,6.27379036044337,0.874129678832923
-3.69353147398967,7.10417251502714,0.873666905190839
-3.71592044282631,-6.4694575657813,0.873520211178661
6.17340520394954,-5.53537117909099,0.871335093470808
5.01335493858064,1.49302391844107,0.870648757479723
0.454352626771737,5.5711638351065,0.870365922309802
3.47453997528688,1.92101313779417,0.870114866320297
-8.16636766316856,-2.22872784240741,0.868119824572551
5.51095975667619,3.35823541915573,0.867670231776186
-6.8727086767567,-0.931068609594417,0.86687633034192
-5.68309695313204,-1.64290274626821,0.866645782208975
5.72819084737436,3.981725831805,0.86657921639001
2.00681585942183,6.53708425363785,0.865017184544574
-5.78141467539221,-1.36142903839832,0.864426658435679
-5.70404552196515,1.33950331790966,0.864300699549687
0.761035310981822,-4.40564551857181,0.86359278119616
-5.97863661339579,-5.35184998330584,0.863459724515207
-4.42977937157752,5.39509745169421,0.862942054934355
-8.87110369195892,2.40111445333862,0.862904406778313
6.41613885864624,1.18445532638705,0.862398847856916
-1.7664485704507,3.69308529677005,0.86144285809959
-7.63099131544457,5.58297454662923,0.860770037639693
3.03753071777642,5.76944099581844,0.860436474904048
-6.75553042883704,-7.6704975074606,0.860178354801608
-5.00455252409243,6.43668200578063,0.859749125695347
6.40124506392881,-2.0433024553357,0.859582514186363
-4.90257433810754,-0.550327722452706,0.858397846704237
-5.13416587730683,-2.16560777665922,0.858006263760684
3.18911861874817,2.77811647933727,0.857880783712679
4.73082173204458,-1.29794244513791,0.85721481436512
-2.54971599705347,6.32251065867092,0.856974962081086
3.90309055768669,0.736193265235348,0.856554991018318
-9.99165768714408,4.37615795237332,0.855920168859741
-5.5737801260274,-5.7976479001223,0.855780021884529
-1.05099616581659,4.12028827754776,0.855610168935832
3.62828340524068,4.12345168866999,0.854895773004283
7.01761545125941,3.93101503029326,0.854885845251652
-8.18244829539286,5.07353634853861,0.854847312151898
-4.04746523932291,1.18209676777375,0.854694396080288
-7.17344223148861,-0.288795724486455,0.854666336358344
-5.60178019336938,4.14508578498889,0.853141575160631
-6.21528676161739,-0.651469888303943,0.851597483627956
4.09327198341564,-4.18834614587647,0.850930215142298
-6.31864912978041,-4.19564331873878,0.850311277299957
1.70793171921486,-5.27080528673162,0.850212106007388
6.38944101236421,-0.556224822962582,0.849611902460418
-9.15720960359739,3.68330281416691,0.849368944284361
-4.10356425160234,-3.57036877042858,0.849025095528835
8.74143365263941,-2.1214511520045,0.848973472812276
-5.14973109063362,1.80799704737565,0.848819875965719
4.76370838958884,2.24814517944907,0.848585984603286
1.2025232471975,-5.84325828985,0.848183126134891
-4.98821050078216,-5.279438569943,0.848141510504039
-2.58302050795234,-5.663593315035,0.847334360144762
7.12932984258192,1.80685011913034,0.846998366609953
-2.02763470230617,7.45090075931962,0.846640166328824
4.37864612137044,6.2762123395446,0.846380846764877
7.26334583763777,-2.77917383545371,0.845723805358103
0.641505256968834,-4.43639782229304,0.845233858013207
-7.24424805359004,-1.81265707992285,0.844979391377497
-3.38930467078135,2.9384375821046,0.844471572479679
6.8139486373495,-0.891582626906031,0.844126905737258
-1.30574374763756,-9.6620348110096,0.844044133757222
2.52872497479082,-8.84140456744367,0.84399238705606
6.06354314327362,4.99814252862747,0.841930923411779
-8.13693077149992,-4.9910174287838,0.841434860862006
-6.31318329562889,0.100968909313873,0.841281406811969
-1.02411199861561,-8.78195119826854,0.840841227692506
3.89650258438893,6.0911849396385,0.840724524515051
-8.70094471307747,0.100049311618075,0.840692313071456
8.03388375637746,2.19729514224921,0.840355629965946
-1.70746736962316,-4.9337925058263,0.840163801432173
0.603625378430723,-5.60215513467551,0.840006735675223
-5.27129156907224,-9.09213970648484,0.839884660087274
5.777076280624,-1.77661727877596,0.839874615147553
0.595772971200836,-8.77716022163121,0.839721957950751
-5.64543946746721,-4.91285241060217,0.838699544248922
-4.53233555735014,-2.69515696401206,0.837073923862163
-2.03391416734836,-6.48733786578495,0.836624848302996
3.63311979068136,7.42373303209796,0.836168140541369
-1.55006273236418,-8.47860464114701,0.835657482629011
0.258829690752179,-7.07715247190436,0.835297937746283
0.448114620213621,8.95921012405037,0.834550903966466
-5.88541536369943,-2.2632770131234,0.834372341617226
-6.85376356111733,1.08107761082258,0.834143597437841
-4.21254538026198,0.224765707921118,0.8340333458056
2.93171615586694,-4.63029945307921,0.832785323515836
-2.82147334700003,7.64662227052738,0.832390497748688
-5.71250763417264,4.19495185896908,0.83224864473813
8.65938646937661,-1.05464394648365,0.831949782623654
5.9754334316616,-5.71211672430926,0.831924395871636
-4.42069900257258,7.3650775748617,0.831466279009628
9.06018578924726,2.01752513168056,0.831245168439235
-4.95120028276786,3.1015253240279,0.83096182856387
-3.97600681944694,-1.85530987652037,0.830951385924965
-7.46848156848236,0.0702252809604413,0.830840385919864
0.0381083089185099,8.98099878248838,0.830459121956508
0.99529447734991,4.42185551007509,0.830017383613618
1.52148661153512,6.63339505291059,0.829751854070043
-1.80788569302294,-7.37797670483781,0.829718143501227
-5.1415161771028,-6.70218621346387,0.829671674795177
0.922347850660324,-4.67467613499828,0.829274194472169
-2.3731616128339,-7.49295641728948,0.829021710346011
1.50310516714961,9.01533319374839,0.828518890475519
-6.12754669817476,3.50396605718183,0.828505609641505
-6.47003204881467,4.77125890579549,0.82849556105444
-9.57925078920963,-0.932790581422186,0.828073893590341
-4.31970837255543,-6.62808212817092,0.827678308551463
-0.400674674320209,-7.76372599384439,0.826566349368027
-5.16201020856625,-0.277373917179521,0.826090007047656
-0.126160839961152,4.64887253519398,0.825993413207759
0.270615214569242,-6.61104344296838,0.825926290183747
-2.21425425268387,-6.87375056545765,0.8255316310162
8.12665751408747,1.31649426314482,0.825474554520229
3.10899731857624,7.15028417758466,0.825441888795387
-3.51054235680153,6.69105013931216,0.825102561377406
-0.117393268113682,-7.54090246366542,0.825014137898061
6.80991406381826,-0.607208129457222,0.824922900114244
-8.7971590027875,0.643786402724473,0.824875665671713
-4.83547090111522,-6.36468561336035,0.824308519741893
3.01680492227621,7.85600595327879,0.823891413543183
3.96538281594043,-3.22178472437522,0.823424339527699
-5.88116248685498,-1.81572428750922,0.823327755589433
-2.25749929203882,4.85961078451472,0.823128225718122
-5.62335325193487,-4.14418056833623,0.822794600968208
5.18397246696715,-3.77088320154755,0.822518235442377
2.23542110105627,-4.69310571025605,0.822217880140462
-5.79597230793952,-3.54681981628785,0.822179812239983
-4.16802673267029,-4.41704883616902,0.821448760986989
-4.15438788229956,6.01156846647223,0.821400426835475
1.90565663118201,-3.48593223774244,0.82090375349316
-6.92872765490628,5.21443973999585,0.820606132032139
4.27856337137636,2.71108170510597,0.82034676263736
-7.75434241385408,-6.17420339965282,0.820298702178805
0.620733286436033,8.51106647806424,0.82000583590932
-2.11468192321701,4.71921558604739,0.819888947811788
3.44611376625851,3.4560646355432,0.819353016704891
-8.39254187089584,3.99012623507908,0.819219428960467
-7.92926948426638,-3.59187763974472,0.819075530853744
6.70157810047345,-3.11452113324218,0.818787617602227
0.818072294176307,9.48445678129991,0.818640121714659
1.39595682682361,-3.82315822218311,0.818595913319336
-6.54247413338461,5.95635532838824,0.818201577224156
-8.73736851535632,0.0978311275038747,0.817872306832481
-6.65617042108849,-4.36010097149588,0.817362291810644
1.2364051256442,7.35562731421661,0.817140028419832
-8.5516358632478,-4.87168677638948,0.817075917813345
3.42097356532534,4.54990128152135,0.816639085829387
-6.23062084671825,3.26951446678571,0.816502427565593
3.89417627579776,-7.07663074170523,0.816410789218075
-0.969588344795778,7.75097118048091,0.815506905214859
6.45641958869689,5.05927932341378,0.815451484731966
3.23964771351711,-8.22645545124513,0.815398770129601
5.81373878225685,-4.3691943606732,0.815155811590875
8.24062739080185,0.639022656004217,0.814974163081847
-4.58250057715794,4.2872769257725,0.814651944069406
-4.66312996455422,7.72094923361441,0.814262567095184
-4.56842390026112,0.713115697232854,0.813970152367747
-4.69751203978777,4.44167446292969,0.813638508933804
4.03997128097372,6.9424979558682,0.813403941940419
-5.18011872568139,-5.998982383833,0.813238602863082
-8.08700192827367,-5.68211887899961,0.813216727741498
6.2087802981611,1.70158898530859,0.813078159548259
-6.28411694250393,0.634679571332768,0.81307526888146
-6.96834378940221,0.196823779566553,0.812581553034849
-1.82872614333442,5.75385621560894,0.812575873696738
-8.50604794832804,-1.00560420723035,0.812226467681236
-9.30056888123988,-0.202335938256258,0.811969581411032
0.667796767993586,-5.27487344968935,0.811957923739254
0.641528292792053,-6.31699663175505,0.811553503559274
6.40147729792462,-2.85326184964606,0.811522573443461
2.64813267865696,8.43345192235593,0.811464241637811
-1.78555782707774,4.70434220982716,0.810843101461502
-6.91079567560412,3.76002114610838,0.810692238860499
-8.656543902541,3.33721178545062,0.810250999128404
5.27688129745567,-5.42262080862029,0.810234925529844
-4.88244043997921,-1.45025542487414,0.809914157692559
0.812109500267777,6.39631220889733,0.809673991690461
-4.03635655320987,-6.07369566164027,0.80962510119095
4.33355377363775,5.64932454057742,0.809445908569808
-6.17757031260825,-4.36193455134343,0.809438191799919
-7.35073592060977,2.02295683692928,0.809415420130052
-3.90463558847469,-5.36125762971148,0.809328162844095
-8.49806200554976,-0.356375339326301,0.80905633055316
-3.48937459834841,-6.16692276626975,0.809020894474064
5.20499438756046,4.54012727449501,0.808808299126699
-4.82977350040648,-3.74913142636121,0.80846818323679
-1.20502205712586,-7.84602721556297,0.808450831872191
-6.78465880000297,-3.06470269109538,0.808385036196068
5.5258600501174,0.0956437957866684,0.808213549364203
9.08924526699455,1.43194441156552,0.807852062919191
7.86910791501895,3.76929292606292,0.80764936241299
-0.515802148267,5.27753825860431,0.80738104837144
-5.31589898966803,-1.41857756240235,0.807255397281316
5.67987734493175,-5.06387460534758,0.807143517790022
3.97312734126763,2.20992839531392,0.80634494936348
-6.18657027106103,2.81279428417466,0.806324656472385
5.66480520796166,3.84094816222589,0.806217167118745
-2.63269316999368,4.35327629580546,0.8056896786676
6.83433833201016,-5.76754079146422,0.805273452310245
1.85530186843453,-6.75619905443515,0.805210498702605
3.71081366818838,4.93233370404813,0.805030673040829
-1.53833376541704,-5.08698228296921,0.804982562587122
-4.57329391862125,-3.40697711925857,0.804935612035439
7.01454128502116,-4.28218331468338,0.804678193938992
-1.8954928651578,-1.71632569054532,0.804574676410655
5.48154795066723,-0.0170280592504632,0.804483152013759
-2.56452137148371,-9.61105859313058,0.804423810308321
-9.10550829462768,-3.57011139087452,0.804295955164632
-4.36361240825189,7.53099796209041,0.804272964627315
7.69457217886548,0.749184213917175,0.803979294187791
-6.92095633448956,-3.77972983438336,0.803747890878932
3.69704998031962,5.7754486719184,0.803517574158902
-6.51633084761215,4.85561128775245,0.802880113091428
4.8732203676787,-4.09843606666301,0.802622174042084
5.88398645992541,1.74174955897928,0.802596186888576
2.2087741869037,5.46854725312494,0.802434256531524
3.02675215096329,5.97115491067531,0.801999916401859
-1.24433464399169,9.53794761608614,0.801896811886393
6.02041118822051,-6.28580180266726,0.801827320211961
-1.61144709045026,-8.24932408752348,0.801500985978435
-3.14661620291549,4.23437946000795,0.801430996255697
8.64529979606629,-3.66337952973271,0.800973938781342
0.290726632073592,8.64532304931596,0.800857667832944
-6.46651048553475,-3.9804823695298,0.800667015241736
-2.41028874403851,-1.81967223407398,0.800590879139711
9.91341350964505,-3.69310301261863,0.800567306640312
-1.90112909077186,-6.33137208098286,0.800419038224684
-6.89130592565504,-2.44697132017228,0.80026423264447
-3.01438362168208,-7.39619667009469,0.800185550463564
-4.0246482919469,-3.11252178599718,0.800167549791936
7.7613116183647,-0.88332759112857,0.799847007609318
6.40969819920231,2.76942264957313,0.79976238831961
-5.711771966015,0.41888917504123,0.799511462633901
7.27073203675868,3.67537111613827,0.799414086895343
2.48648340269519,6.41240578466267,0.799317966557213
7.97093252722801,2.95905626166004,0.799193197418014
-1.08315735012105,-4.13746519149629,0.79914265208653
-4.32111688923522,2.51668315897813,0.799009768496141
7.05945878824124,-1.51011364835005,0.798897062895475
-8.83683915483845,0.0202032590528742,0.798677521555688
3.09482324661359,0.629278327797084,0.798659183480724
-5.55005962841072,3.36034515198246,0.798270141274864
4.67091585577606,4.08771535211388,0.797895323084198
3.33846397650591,8.26014976358955,0.797566632635695
-5.81109064426054,1.12873490786316,0.797464915591261
5.85987483684523,4.57375136094374,0.797427335258592
0.725667246403379,-10.0980728741673,0.797390469906102
-7.01368590112563,6.99911476529381,0.797330862723244
-3.00037345988534,-5.94769477422749,0.796573690789694
-2.94619803628601,-8.48716206255448,0.796382836446501
4.21445460138033,-9.14673799902301,0.796382046368206
-4.76361266478594,-10.3427913645963,0.795794492765741
6.63497316527615,0.141629325149485,0.795537842326428
4.47192065197105,5.59364620730444,0.795174883418613
-7.12972307926577,-6.37633214651949,0.7950153478401
-7.92494826944063,4.5453465541431,0.794910544971216
1.30462409359325,4.05845455249065,0.794514948447267
-7.03175231232413,-7.33002315428386,0.794134097435629
1.43902078868295,-4.56152060101052,0.794063231372936
5.85216085814804,-3.83000336751081,0.794038022248925
3.1147509123908,-7.15551685632843,0.79391087251212
-2.62744049790844,4.81984401990312,0.793906441298585
7.18942741720417,3.87474965131604,0.793820038409465
4.84518512805041,-3.45661862786769,0.793808803331958
7.10433923709668,-0.868707455502193,0.793710727576999
1.96146091043762,7.49926778820475,0.793459089976898
-0.971489532171938,4.21633780132222,0.793403575702044
-6.13876430439044,-2.81148586242904,0.793338337507889
2.65578584248794,-1.05343083826886,0.793094047283734
3.38982680560329,-8.59634825866599,0.792960458519492
6.21609560771687,-2.97364819431954,0.792937309357972
4.32313545295996,1.88559403012459,0.792755758624269
-8.14628111896843,0.587759358543121,0.792485780131727
-2.60069922420106,2.99606303407181,0.792407638992886
-10.9557570732418,-0.623984755475549,0.791512655874092
-7.20570395064319,-1.43053056209196,0.791408213248316
-1.46533258603566,5.9580708978558,0.790933638524371
-4.7938556658719,-1.46411620469625,0.79088614364111
6.3792022245448,0.00145524181358023,0.790873977736442
-5.85593825377571,0.520446126634003,0.790653442217368
-4.34186326635589,7.78889890500975,0.790644714355244
-1.79917472353231,7.4651538647307,0.790532884329237
7.97938566049817,4.04821994610859,0.790508368250793
-7.13836170775464,-3.20614804224748,0.790245649992717
-2.70365332142942,5.72819981764831,0.790201226832113
-1.97027609043917,3.96522798402737,0.789838545575486
-1.26520668818148,-3.75624244437772,0.789828234839743
-1.16922529573729,5.46810027044012,0.789660888692575
-0.742869703502575,7.20498666573917,0.789614239860641
-8.67726423745429,-4.09179298252467,0.788944295832581
5.76139471969165,-3.15841942561268,0.788881790542737
-7.60040069026217,-4.51510694226012,0.788728011681815
1.65975293571649,-6.22864716182212,0.788543284712499
3.37035623288904,-4.01348450590487,0.788539067161925
3.60093979626842,-8.23711475057371,0.788318522577729
2.23422512016143,-3.87005012303146,0.788002978286897
-7.00299335468155,8.14870765610465,0.787547884139936
-7.50397637020279,7.65061431061263,0.787440972825476
-4.85580357190648,-6.42729456371523,0.787388688027098
-2.83716728208456,-0.600792880006052,0.787339996707799
-0.114634043352178,5.30775772499926,0.787249005279408
-6.95231155374392,-5.42316382701393,0.787151237256988
4.68501255707518,8.06345364121679,0.78700127730708
4.57688281333307,-2.24653461268703,0.786997663130612
5.25205692520774,-3.16269864409617,0.786924540826405
-1.54801495540331,3.4027406386256,0.786726409287581
9.26438595930419,-2.10204993047517,0.786564770987594
-2.25426419235243,8.10623223858231,0.785995159008653
1.23205958241536,5.68420912440734,0.78588826328068
-4.02880056469623,-7.59000213778651,0.785223922198815
1.10144468849481,8.32130205775219,0.784960881147683
-0.787326535150038,-6.90798349262228,0.784657201434065
-0.223073285689511,7.68262969717057,0.784636934026589
-1.5101449147974,4.74220316786663,0.784569324414368
-2.98513217421604,5.0683583784524,0.784301884899894
-5.84415475203125,-1.0709199002497,0.784270854464976
0.565825898361897,-7.21825067102318,0.78420158247448
-3.91941055338341,-2.04844594106216,0.783667327356085
6.5286104025597,4.14970042601514,0.783514170227104
9.08694508770592,-3.76009187293156,0.783427151328474
-6.04323497970978,6.83523384937838,0.783371112171268
1.14206726974509,-4.4381727314444,0.783119365976398
7.04379126169162,4.6244617778841,0.78270961628808
6.17984749958707,5.12801627627507,0.782681463159764
4.51791904341756,-7.04916167187431,0.782617397942679
0.0508571995619096,-5.18889754240279,0.782543112164404
6.98509684649246,2.37328483542062,0.782400976165028
-5.00179274044579,-3.19249205456551,0.781885572219877
8.28438270807913,-6.6040759617786,0.781883558203764
-3.13105352750245,-8.0112223935823,0.781848164887499
6.5578264807828,-6.32736003880007,0.781834310297329
0.502745475014319,-5.23770874288226,0.781803470115871
-4.68163513439089,5.76425294156816,0.781593506558937
-8.33965039620837,-0.202279405547545,0.781437128290101
-2.96313216178432,-5.32906442027288,0.780956372830064
-5.99612007867686,4.06979914080894,0.780928743760307
-4.11662309443753,-6.14493913562896,0.780909493537882
0.906773305874528,5.30288787871198,0.780793405579204
-1.62740448031285,4.59099190958925,0.780450575925675
6.50574858042784,-3.55203635786198,0.780361880936525
7.05556981167964,8.44593987552472,0.779966347057772
9.39508357316346,1.79123716529097,0.779931966844991
2.70515147786839,-7.16749043155701,0.779928211476282
-0.408618866397063,-5.41890226718785,0.779877697817635
-9.94839948364162,1.33483763157108,0.779768089664568
-4.20429492302071,-7.27789069368822,0.779363368425834
1.56260793082102,-5.82800646041188,0.77929736099225
1.16006077785745,-9.82950892923155,0.779253584910278
7.57852222095366,6.10319254811087,0.779238638585659
2.4827014892997,-6.19370181971021,0.778943243756657
-8.40133254458283,3.62320184736254,0.77861552667728
-7.75083851523453,0.599492557207781,0.778597537393664
-5.59441477556291,-4.52730539548905,0.778402497099044
2.65061585753273,7.28958941702796,0.778368344954123
-1.46735662305414,6.40217450928914,0.778232180029917
4.02195027994455,-6.43655722242922,0.77814027238969
-5.42126207389821,-5.55692027573303,0.777863812585029
-3.60627265665899,-3.37609040729023,0.777833853885302
-1.54990052688658,-9.0809566930849,0.777667241352822
-9.44134494889872,-3.44923582662309,0.776327836354663
-3.61131164784361,-3.86323091324382,0.776299787837643
10.1933987518421,0.807429633006964,0.775931164548265
-5.56984866236566,2.50748372760073,0.775910984903961
6.34174754788157,-3.73303063765606,0.775889508061231
1.28051403512604,4.81275705050434,0.775835704001999
2.22190597854306,4.43759187849232,0.775798465855483
4.12819159530758,-7.22581386040143,0.775346652505275
1.82191814437836,-6.60064388328608,0.775300917097618
-4.87565141428042,-4.17200628248712,0.775297388784782
-1.01175526768663,-5.74177357337876,0.775143466849493
-4.34614447671378,-8.09995846315274,0.774808733202554
6.16589073725161,-5.50095834944693,0.774779352934447
-7.47954919442495,-0.46056137846508,0.774712022924352
0.67673048560511,7.24821238214898,0.774566308218242
2.63433334193931,-3.95969240478525,0.774506794397502
-4.46230159283231,7.44503271636246,0.774370158664277
-6.16890393939661,4.56541113236432,0.773793132747719
4.06502125981248,4.50144712522689,0.773713928886857
5.25111475417243,6.39432327146321,0.773630847300126
-9.53106545813148,0.032810044388311,0.772878808087491
-4.60395824384422,-1.08353662633176,0.772580509609951
4.90848458568034,-9.32407047505594,0.772190977518691
-4.50435923294759,-3.4754267987095,0.772105421306779
3.58113622873752,6.73986379439078,0.772089837487023
-7.25599642498813,4.86763254061895,0.77208054121526
-6.07404913139416,6.63418677682833,0.77200126794404
-9.50256966941837,-0.692493345194542,0.77190280110024
5.20777435505869,-7.91220174066822,0.771846405271628
-2.12995675196962,-9.30364518998324,0.771679316174545
-6.3370739980359,-3.84955313089059,0.771489151300786
-5.30323906729718,7.2998927652132,0.771403372877048
-5.04495979463012,-3.91196160744069,0.77104698671811
-6.34758696887959,5.6651672223194,0.771046185801601
7.50869426255061,-5.0595984113804,0.77102976358021
-5.03932946379614,-9.08286720443123,0.770897496065787
-2.0359638511667,-8.72919755263877,0.770866293685682
-5.91090093469277,-6.14839990257817,0.770854785087747
-0.182543270407607,7.4295959952294,0.770837052586724
-1.83464405243647,-9.12581072429337,0.770500593539233
-7.66802567938112,-0.0582675735479979,0.770399209137146
6.10356507782828,4.75708836889558,0.770389766047626
0.403430615637703,-6.40634732158013,0.770202256266756
3.29781817665007,6.04496763264075,0.770062343832545
7.14433275394772,2.07768338360601,0.770050717676603
2.05344749040098,-7.3827597265489,0.769922343314314
-6.58413349150947,4.57475016014969,0.769907039506665
-3.25378537478462,5.85016736616783,0.769812618312299
-8.6071507825497,1.88415955735735,0.769764466354175
-3.47870232255347,8.35187910488076,0.769735771887057
6.15496186284184,-0.90008406862917,0.769651736787773
-1.32539299996317,-10.8808828846028,0.769585987990888
4.84822557420478,7.22966040379848,0.769521705251318
3.44627692007261,-9.82264636154734,0.769446267056298
-4.98194187580455,-2.31723754805037,0.769419614556696
5.37462852538721,-6.76096650247484,0.769418599525645
2.40673651822669,5.13668688596965,0.768796384022757
5.09366909609474,-2.88036092054278,0.768624749307841
-2.27778590918425,3.13863395401137,0.768411861245165
-8.98471974061108,-0.571050818064667,0.768411524143592
8.85871947784977,0.979975291002876,0.768162426810942
-3.0605535226896,-4.63620421589533,0.768088545267033
2.03356001437,-5.07869358255071,0.76775618441962
0.734711369582809,8.02515571607669,0.767618817120808
-8.52254933464109,-0.969992595034514,0.767340865725248
1.05809865023239,-5.54711657386144,0.767273541315546
6.23016255673193,-8.25089381246592,0.767229380551742
-4.29300715762837,8.276312420849,0.767161106049462
-2.59144249211279,-6.8661104820566,0.767116036609718
-6.22901797215853,-3.4600223392508,0.76705237719569
-1.76065229412926,-8.07303064602731,0.766810447364933
6.7124620657007,-7.34145226599097,0.766743405749118
1.5413460693081,6.81580481217267,0.766618497805754
5.11387687615004,-4.27053463040346,0.766602851253028
-4.69487519960437,-5.28534532368688,0.766567254338895
7.16454365771432,2.18627157156216,0.766458778645722
-5.91656534411068,6.00045905051208,0.76636371403547
-2.87658313968179,-9.24344367705462,0.766363084977238
0.170615435440164,-5.56052094343283,0.766293051352048
-9.39073784593031,3.81924799420594,0.766261450393299
3.55069082416822,7.0189881805013,0.766201056663923
-3.91159670547632,4.39579756857899,0.765987702562523
0.203983039440193,5.72719550001612,0.765971298480779
-3.71275820120515,6.43758133746409,0.765932116108887
0.946099228481436,5.95837864936856,0.76582397714937
6.2197788686517,-1.86892072430598,0.765645226236493
-2.91758759373091,8.15545717257644,0.765519994580586
0.205465100628752,-5.69614837441969,0.765406354820157
-1.30298233772338,-5.93810121002427,0.765324051874565
-2.19497644690904,6.72035237937998,0.765236881862594
-6.33537988799793,0.216113590692214,0.765129601625039
7.50617082163099,-5.13503314139197,0.764837262665885
-5.49695932363089,-3.44424482050038,0.764633827418862
6.45574732848119,-4.99560667479464,0.764580466449735
0.796971231209114,-7.39755694162153,0.764549036619046
-4.80435044286095,7.27719218325695,0.764248212766794
-8.30304212883183,-0.511350137327115,0.764068283955556
-2.37445268020378,8.32994922102379,0.763919824150523
-0.583805611960024,6.47088524832097,0.763834704555187
-5.93336433737977,6.8155046872275,0.763685747213772
6.20130259163377,-5.42007795216714,0.763658820785832
-8.04722500644784,-5.55372253746655,0.763526092059788
-4.59724979758048,5.45104991916094,0.763524039531347
5.86836932374168,-2.57866793939658,0.763100630641197
-8.85395964275507,4.18745576306162,0.763096424400969
-4.30370369321479,2.20392644266241,0.762957680372259
-8.74237593874755,1.54295306616719,0.762901187918403
-4.54236504355712,-3.09173438370042,0.762861871320541
2.22200577119974,4.80894055210659,0.762621234219307
9.49572243289292,-7.25637000110205,0.762311306922337
0.177413382096963,-10.072332031645,0.762163864266057
6.13564434993917,-2.88083859272826,0.762141860999909
-5.52625101332293,0.7486829213022,0.76189466949002
-5.02202880488392,-7.78265043444257,0.761830968822169
-0.524229161719119,-6.94622211333602,0.761808717087072
-4.45765686474708,3.20730965212936,0.761611888945822
-4.65876463341415,7.46227687260232,0.761554060078383
4.59504719141562,2.18443643110831,0.761536131138014
4.90329195604544,4.86311873387753,0.761214492518936
0.640419477875458,-5.79744216010564,0.761066205430046
0.965005008929528,-5.94371854697259,0.761019490737596
-1.30845372146293,7.40509056154132,0.760918875748941
9.21969957540185,0.135919282829653,0.760799436887153
4.24108505313094,7.68217810667341,0.760789062481225
-2.88099870227294,-5.22813705711732,0.760639780825157
-3.93904155317831,2.75115423073381,0.760384657427528
7.17217439335464,-3.10517917286401,0.760247689698513
7.37856728837824,3.11235867902115,0.759683535853254
7.58282938817802,-1.49048596554135,0.759671063392818
-6.30442107612194,5.72623092979979,0.759476648884553
-2.6705917445145,4.73461002359487,0.759469789254075
1.353731725934,-4.80847220487106,0.759460605529
-5.62340915224836,-8.59672294530597,0.759295222033271
5.74574789799508,-1.5988292296316,0.759184045434621
-4.71228115978356,-2.50218596885045,0.759121806591331
-9.29708036220412,1.57383599535015,0.759118176389039
8.11875475795252,2.92206180348604,0.759113255870127
8.39298685448135,-0.10839091505165,0.758599804626232
-8.37652571834463,3.48767459731063,0.758399564443074
1.37878902825977,-7.38073209436966,0.758332213251845
2.89797618457236,5.57776473926683,0.758157622221957
5.43397800350763,-0.9993320384092,0.758154602758048
-3.0669250419331,5.0158825690509,0.758061683700539
-5.5167132175624,-6.82581068194705,0.757834786180225
-2.51634199213058,7.76059217754689,0.757731087102375
-4.28052174493115,-8.70460979217929,0.757640175493108
0.7558758501009,9.14604824418437,0.757603176410406
-6.02297726955222,8.98552795429661,0.757548676565781
3.84300072534609,-1.579431726901,0.757347291657711
4.44844151353491,-4.57918371767855,0.757222556568439
5.18373197809662,-0.508173303509224,0.757183434699782
9.05715980821427,-2.14536735683678,0.756980128713666
2.44865747522452,-9.11712531294123,0.756854291323849
-2.50283900804841,9.44790109934939,0.75669978624174
4.5207393507754,6.3868110306023,0.75668557645148
0.248508882191989,6.54244454622801,0.756546254041736
-7.23063692064431,2.47884088841068,0.756457880000541
-6.58189945979121,0.968830855707639,0.756430764957018
1.50711317517911,3.88090190884099,0.756350875584115
7.16108010030826,5.88163580458226,0.756242182882478
-5.53415838843685,1.87781667961528,0.756155515815976
4.39191034744526,-4.30078876528989,0.755890213354082
1.85495933348685,11.3739889376381,0.755838758788451
-9.20042326830903,-3.13010171807744,0.755673946030366
6.04021461356353,-6.46943897593925,0.75565926490575
-5.30305989958497,-6.27524827930573,0.755513842759338
2.80942694907535,3.99632524229038,0.75540906288381
3.50023772336785,7.49802700180035,0.755300736497172
-6.62521825925884,-0.288921504550664,0.75527233339552
-4.77578577413651,6.94900277017481,0.755027906971075
2.57210472272159,-7.33680818701121,0.754999779052917
4.66184559807504,-5.97534585344296,0.754836163898087
-0.779780449565932,-9.44980674864307,0.754814154298536
0.0238311339084511,7.296775237929,0.754679435472791
6.73112592620592,-3.17615191051004,0.7546515001988
-3.44543773756529,7.0343052694991,0.754311818118786
5.71842581678551,-6.82785578497701,0.754300310711618
7.95504306098133,1.28094983049938,0.754176010897937
3.29661206529911,-2.50638439459038,0.754125702666898
-5.99375623597175,6.51765542334147,0.75410802296488
5.70325384772789,4.13749589940598,0.754057697163344
3.6677800226827,3.25388386016351,0.753792327669313
-4.41139220500955,-6.57861527281533,0.753729122956966
-1.21739462526673,-8.32989711743967,0.753507221477299
0.615227941844834,7.86926530907698,0.753403942380635
5.11069261911083,8.71374453821512,0.753350170744353
5.35529907939467,-1.10534707054242,0.752965932654692
-6.37431569839253,0.947906479479725,0.752808938833314
7.68839564428038,-1.85105253814894,0.75277215947004
0.524918623147212,4.04783276830597,0.752667057417264
-4.98399439214238,3.78563717761047,0.752594568095256
-2.97683444905565,-6.46821531532216,0.752515779989366
-8.53923605045837,1.17693827869002,0.752481527920393
-9.2579600919724,-1.27717681621046,0.752384405633653
-6.68550742425509,5.03524419530109,0.752350968864395
4.29789399088588,-1.49967225933082,0.752350329826313
5.92518298398857,0.440278039588281,0.752023457495694
-4.37247072509795,-5.6972763300594,0.751716667882236
2.82953425642732,7.3957195800463,0.751447542838785
-7.65485020905533,1.42931349309823,0.751415586853016
-0.322162732335872,10.0710994135306,0.751274739446697
4.9714391446884,-2.77372197291368,0.751003059372475
-5.48642703873852,8.7765061661777,0.750812089832675
2.85937152450993,2.91931818849398,0.750473549524293
-3.19330230868028,-7.22872536586572,0.750448305518403
6.0138163789186,-4.14967484785176,0.75038418233934
-4.70888756949297,-4.89067432975767,0.750011427002695
-4.59319932616066,-6.71071551699107,0.74929271871638
2.47067312754692,8.73530817566185,0.748908325893065
-0.185674125457258,-5.01272812527413,0.748898783246503
-3.5625976494835,-0.813582516920407,0.748769864526643
6.54378077487909,-8.63242896272063,0.748082019914677
4.47617446820381,6.90535337436161,0.74800631971177
3.23002944750252,7.7443974012045,0.747800797743075
3.73040355712233,-6.55294997513247,0.747721609107993
7.20467875648739,-1.05931651483526,0.747693825158884
-5.23373667481242,-0.736522091425137,0.747661011858141
-1.95588150146723,11.3526556823959,0.747456700750477
-4.21517162738415,-2.98415678870883,0.747392660531864
-6.94040048130992,-5.02973982237522,0.747358034930484
-5.2020763909648,1.36667895075423,0.747303425439968
9.65034059839805,1.03540084412591,0.747127617035068
-4.0749717804499,8.47446403406418,0.747015536624616
-5.20179097592769,-6.42473521840646,0.746902751074883
-5.25890740994676,0.529706582485592,0.746591057926337
-7.49209357567686,5.61630768419578,0.746585947011532
4.84803774923364,5.45052437304378,0.746495318066711
-3.42495158442893,-1.64772720907626,0.746491322475636
-2.91497772257267,9.57068556125005,0.746431519431182
2.55249126879232,5.17431033058625,0.746227540000385
-4.88521193835579,-1.21030114309975,0.745960288283225
9.22967229143298,3.83415709171114,0.745871244737154
6.65325295026264,-0.901388492207049,0.745741102663171
3.97339393192789,-7.4297409149694,0.745636945478686
0.347049559174396,8.36912519655392,0.745049770593754
7.97574242921614,-1.02889470021005,0.744964224046738
-2.73663834331509,3.5050146744294,0.744857263988878
-8.80120305028664,-3.10588680498903,0.744733379790501
-2.79905691793918,8.11458676321337,0.744309917386678
-5.08099926376704,-4.05380609437822,0.744202178588475
-3.32896027340476,1.05471597604907,0.744046546185819
-3.95312622065137,-9.10095309862142,0.743939138575671
-3.12626324943218,5.59795683068873,0.743809216275565
-1.31081518970294,-10.3161740431635,0.743685990200989
0.792641202110447,-6.81106327990855,0.743501124504811
-6.71705752481677,-5.45255326592039,0.743481701981115
7.73518581966548,6.22006248662166,0.743336501601744
-9.85625446479866,4.71869997360105,0.743298612885309
-3.57775416139412,-3.67300566661917,0.74328268921367
-3.66631807481182,0.295614803027891,0.743256262954586
4.5784529963461,-2.18224808242132,0.743213830477789
-2.98309618274807,2.03065467519307,0.74317351364667
4.38324645921685,-6.00169962317033,0.743104049884189
5.96549461334852,-4.05453856540302,0.742999611561826
9.28337657997971,-0.899490276333693,0.74292501869509
2.94268567874582,-10.4262919995936,0.742899765173017
-5.34820635364391,-7.50652702839273,0.742768550116992
9.63761851555394,0.0404318195268104,0.742714944342335
8.16681773299257,-2.06942686439994,0.742661193021529
-0.956661613070437,-7.49864904833067,0.742645796220064
-3.60455349421204,7.6521796663398,0.742633134248642
-7.20926128315296,2.3514065342056,0.742389500752278
-5.19928600784171,-7.3366283348295,0.742365682943373
8.54533149076845,-4.49578405230349,0.742251346072201
7.81790390188517,-4.56816661611925,0.742082368896973
-2.36845562718719,4.27889246165105,0.741495386468497
-3.59392233072195,5.32662762005073,0.741463592216165
6.80443512274519,-6.7457159949431,0.7412570254626
-7.222930904158,-4.94411234717874,0.741214313537955
8.69153967706874,-0.416718900904482,0.741125011527748
6.54837109286616,5.28346320962428,0.741105601809583
3.43575824340837,-3.78992746530098,0.740997456946692
11.8677560798359,-1.05200264550812,0.740918606132014
3.09825652925398,-6.39086433844018,0.740728376230526
-0.727802342340151,-7.72984483169525,0.740636620397994
5.45468589642432,6.37313663055511,0.740625405180707
5.94098992926417,3.49969481851858,0.740606470200301
-3.79324770706008,-6.038866354385,0.740596155238956
0.337668490986765,4.56011154868654,0.740456092219356
-6.42681736483488,6.49498537865933,0.740360862400731
2.22721304912392,8.03969437533832,0.740101341554522
9.09818721936763,-5.41706690992235,0.739964864749355
-6.04135824316558,2.56834052888953,0.739950145376716
3.75033708879425,-2.45049339387553,0.739740713298981
-7.66427904089843,-3.15595127339041,0.739682257213221
-0.770186662337576,5.04390696688184,0.739317972842998
-4.41746529335594,-4.76919714628834,0.739247272402763
-0.579026307847183,7.57337535034845,0.739112558312771
-7.56107317159667,-6.79609126620437,0.739004784553007
-0.78337619366066,-6.19141947369876,0.738756402192246
-2.21883241852851,8.85451243659663,0.738653106700854
9.25456793840638,-4.48043431673429,0.738561830421173
0.799775392274166,9.91246551989921,0.738514322550995
-4.3315699031082,-7.9791639106431,0.738512311969857
-0.958376014847822,5.27660653520462,0.738471899600186
-4.48656761443581,4.60466871995597,0.738307372441884
0.417019128651654,-6.13670029742211,0.738252171370565
-2.68533113836627,-5.64890274383422,0.737892864123676
4.8047988542676,-9.52599469887123,0.737706437998246
-4.92704766819924,4.45309436270826,0.737685458352077
2.16428442482232,4.35345164528189,0.737622894533203
-6.12233966884476,-4.2442791777581,0.737460362075844
-4.55824745253581,-4.25773283776028,0.737181158983212
-4.15371660741736,-1.34498684193815,0.73704638332494
-7.56749182136608,-2.30999302671975,0.73697660136115
0.974333947192087,-8.18297302432778,0.736953359238591
6.08115709017678,-2.71160832268412,0.736929049359011
4.01548814308325,3.82771631730955,0.736846161218532
8.33348353028628,-2.77836837509333,0.736627111898161
-9.74127237203328,-2.54071261404169,0.736516921540002
5.59723042395951,-4.45160802273401,0.73645523008503
0.994405356920961,10.3321742210847,0.736248625272717
-6.37074004898951,7.78016220017446,0.736150043998905
5.84296607157969,-2.32334131810166,0.736126957243067
-3.55403928816342,5.0256503939322,0.73575869450748
3.62251055702754,6.0237933401059,0.735533616938769
-4.00328643967873,3.34247784750593,0.735276267261496
5.5766023582124,8.39561457060883,0.735133882923631
-6.49113801413432,-2.29312150750357,0.735028678835299
-3.77421765005189,-1.79344613168741,0.734878183698743
-5.12409382642813,-0.806724989306291,0.734726463745619
-4.08732926923771,7.61293260090572,0.734482928380074
-8.47098725592122,0.186193003850216,0.734369512315796
-1.97228083103759,3.5696814661546,0.734320535737391
-3.63986315007585,2.70812004876206,0.734289063541643
10.3307872193077,-0.112317222710974,0.734234659468122
-2.20541358891863,8.82916459930911,0.734223869018984
-0.946139926953748,-4.3369409234224,0.734132180854809
0.0460574505092895,-5.28572884162166,0.73408096454442
1.79392084106091,-4.73014107415513,0.734044505712135
2.81802142603207,-2.96593916595984,0.733967166129647
7.15502791285657,-1.15608907276896,0.733936803663704
-6.29410498594003,-7.59803300514428,0.733917097868553
-3.69148821993943,-6.69327526815153,0.733696326418702
-6.94132104853086,-8.51837175648821,0.733579287723515
9.06343184439085,-2.49234916542353,0.733115299682478
-5.6027137709444,5.40386835526719,0.733098389769555
-5.43972449496554,4.97654860247847,0.732957285733268
-3.76843723073792,-2.97668796958498,0.732817237178534
4.81472644070749,4.49376634831402,0.732724045662722
0.139661349356888,-8.95927712536745,0.732692760428879
3.85155946572638,-3.398749870045,0.732653622248842
-8.20496618366851,-0.468651451153144,0.732558449254446
-6.61436917241425,-0.931425654397614,0.732327656022599
-3.7405994791611,-4.93693077500811,0.732319698079086
-2.25254511735342,-4.65190269542759,0.732131627862471
-2.00041295809387,6.37250477411652,0.732052266553903
-3.12841660281085,-4.65573111448934,0.731906552453897
-3.43522112746713,8.35730009596422,0.73174663807732
-5.53726936230278,-5.14411578963852,0.731673487981049
5.72365077872366,-3.77214540460026,0.731604111699727
9.5894219830072,-3.61416914067851,0.731542789412534
-7.72088297201481,1.79789538177331,0.731349637293794
4.10959847374521,5.50916141789214,0.73133741924619
5.55403212671522,-5.24403684234589,0.731249924444825
-7.74042191222666,3.43866017342927,0.731103210178536
8.25361835144309,-2.67824121309484,0.730874478790462
-4.215496065677,-0.507973745167788,0.730829111650271
1.72230358708406,10.4819986650026,0.730742577741254
-3.8194291808266,6.27304702960361,0.730475590948248
0.179926047664008,6.41908280976689,0.730197912874531
-3.67635516816685,-6.96818579891732,0.730184837652343
0.0358349580966474,10.4548839239597,0.730161006637098
-5.39174956622237,6.91697935213198,0.730121608999672
7.25151082511437,-4.57550440688267,0.730089150188932
-0.5868477904198,7.6987711480843,0.729877325447887
-1.41548527379388,-7.8974649032191,0.729815710973744
7.40488689550146,-3.62159811571647,0.729565874946407
1.32886151074538,-10.2103224078901,0.729564442476241
3.62690363519796,6.94539271392034,0.729489964410613
-8.35122573949302,4.34119800534371,0.729475463765497
-3.44173996028081,-3.53081653159679,0.729455530472663
3.26305044437657,-8.60857391677769,0.72943902157914
-7.93620408565162,2.4901664722445,0.729435879423402
8.67862618127934,5.19773352790646,0.72926120491008
-9.93256722232658,0.149445763705195,0.729182850408715
-4.46796887040259,-7.88361907575206,0.729164983097742
3.47302552509716,5.39481049887545,0.729014653402274
1.67962795134951,4.4451124894131,0.728994473795397
-0.755112035856357,-5.61058594668288,0.728920360590882
-0.0380615554272309,8.40082490716431,0.728792733420002
2.77582176303646,4.46427585514777,0.72856790885766
-7.27980298874636,4.30892282966224,0.72836953848181
-3.43169360345336,-6.23675624834891,0.727923417055158
-1.86110251073268,6.143365524695,0.727710444679189
-0.912769189748805,-3.13341813103052,0.7276302874418
-5.98488854652465,3.84397705922084,0.727356935302506
-1.02144907516886,6.29147215899286,0.727131409047413
7.19038042202915,-5.0147268899731,0.727125109400974
6.1399985240201,-4.53224979510926,0.726960578109162
9.00748326500581,0.0431885788623492,0.726905540688563
-2.65829773554292,-6.94101069837577,0.726859310718865
-8.67407403732337,6.1816031365965,0.726780873023878
4.08428694095025,8.74588193200185,0.726745086759586
2.40327690757534,-5.72962153562085,0.726265988549674
-5.53802462196997,-1.8627415984972,0.726256640412399
-1.76558653793462,8.10395526993368,0.726086151689149
1.7578309679708,4.77375446198974,0.72594440564096
1.76350152967411,9.07588167179819,0.725940429160608
3.30428310413208,10.778329665145,0.725920224513389
5.98236989960485,1.39753358142102,0.72590712830064
8.56658432819597,0.738828045883966,0.725900303986494
6.26083484045447,-8.07427001008767,0.72585487002856
-5.33732233923757,-2.40434715310038,0.725591056062386
-3.49916414206108,-4.72553477496641,0.725571717117722
-9.51718041831403,0.70375037416766,0.725510368687831
8.0147535828804,-0.545132539127898,0.725395072276563
-2.8265680493974,-8.48583016296055,0.725230662295933
4.41825154688353,-2.59184074688059,0.725155721408447
9.41931544216317,-5.2743006043722,0.725136251331233
-9.74158389737307,-3.60595050571844,0.724807570587403
8.56785175397741,-0.83204166101096,0.724768609181926
6.66533569050908,-7.04207718456939,0.72474726190051
3.89539790957249,9.10991707595183,0.724735654740713
5.39356413948721,8.52888095701577,0.72459510880518
4.90220327123917,-1.38189481950487,0.724449305968841
1.68373264570509,5.43049660667631,0.724162875313783
7.93174054423996,-5.06712495442976,0.724128753490133
-3.66102599537566,4.59066062037437,0.723885793665085
-3.27290271528419,-4.93123765237217,0.723843080206369
6.0345281291585,-6.84544306247617,0.723806564371164
-6.39503336153584,-4.36223599802666,0.72374425246919
5.7726591408952,3.88916878820013,0.723640094717818
4.00068602871434,-5.75544946861789,0.723609825612478
-5.0165587991539,-9.91851019531722,0.723351781014374
10.9343082647569,1.99285443978986,0.723333823784609
-7.77299922693845,4.8503187548402,0.723108400983359
4.76980143820483,-4.92471588081641,0.722843866908556
-2.61636442188487,3.12187410840956,0.722753441276754
-6.54445885675228,-5.74805329653134,0.722749379847691
4.19200662974989,3.66996564936166,0.72256721148731
-6.22171359206002,-4.90027292001108,0.722546303397841
0.76737428045367,8.02474868163764,0.722417984009671
3.78755476707689,-2.6247841316714,0.722278461882522
-3.11193245768056,-8.32920499173064,0.722199368290262
-6.82834341472469,-3.20089434357337,0.722193628691281
7.29810903703201,4.56303908394261,0.722175412708492
-3.77263558100219,-0.54408316924854,0.722038889076522
-7.55598480803342,-2.85838124582631,0.722012836844235
1.583847627881,-4.99899974325291,0.721990855791633
-0.708908343914036,5.70420540342958,0.721675758304795
-5.51450866204351,8.10173219208111,0.721554789107175
-2.75394960441408,5.08239849650149,0.721495336825466
-4.00265470808847,3.67190338359079,0.721494047903551
3.97809203441267,-6.41119366803507,0.72140428745423
6.81641016530832,-0.71873182963916,0.721178729455932
-4.05871261690636,2.71331034688593,0.721128722001454
11.3749639648481,0.525602484027855,0.720845111643875
5.05122844983776,-4.46942867645506,0.720766560230104
1.70226734922457,10.1320559613049,0.720741393994343
1.08431536607863,6.69336795221807,0.720646848832245
5.07438170806432,-8.67713139616928,0.720636378553971
1.92125925281422,-9.22909313806028,0.720600968648257
-9.54222530156093,0.0952445056870575,0.720479934048943
-0.236994642012501,-9.30938317417078,0.720383284172455
5.91609704684095,-6.53057278150781,0.720242441670269
9.53517588970781,0.454350148324995,0.71996750991336
-3.25240496863357,-6.92574126035775,0.719947919425671
4.26125227242899,-0.47561479939828,0.719871474450422
-1.006392640486,-7.40809954660956,0.719745151784082
-2.14252576127471,-8.17980977848964,0.719732833060625
5.23532958096328,2.3634781159064,0.719726732232054
2.74936132105875,-3.18020091873712,0.719613275279194
2.14924242483808,4.14358018327199,0.719558058872092
-0.375727505404412,-5.10761292271863,0.719534550799237
-10.722283312404,-4.21518552865524,0.719519295914861
-0.953933977507755,-6.62118081061184,0.719478049834982
-2.71970238119475,-4.21673648389563,0.71943218024954
-6.31690366809264,1.42894208207557,0.719324913106886
7.36246782423462,-0.852857137066384,0.719289345114221
-1.29211414573937,-7.42104626686138,0.719228442944696
6.09741128098319,4.60803743938375,0.719223681546512
6.50490065959119,6.5271216530302,0.71921843564976
-1.79269022208573,-7.26162836633543,0.719208606287197
0.552805702944224,6.5753366688076,0.719070574820462
5.48444307513383,4.74073444621436,0.719070031360122
6.08711170362453,-4.4154531657073,0.719069787823889
-5.76502425791423,-0.890791602401345,0.718830691722544
3.12603695726672,-7.0282333477185,0.718629168915371
8.77639940545091,-1.3325328326467,0.71847732786272
-6.13175618729159,-8.25398746114321,0.718387022391216
-3.39399071625794,-9.1301043209937,0.718333290126195
1.04101120923102,9.21993723357271,0.718297272347058
2.67188422063672,8.96558636145219,0.718262382649891
3.22906445078141,-4.50812669202396,0.718238366001943
-5.58368302032593,6.95160681966587,0.718041360246741
-1.58574750880567,-9.6855267332541,0.717977454419829
-2.23077321163292,-3.94804105797055,0.717928948423916
3.67543278805903,-5.50901778268242,0.71783782932806
-3.66731123754292,-8.89571333411289,0.717694733256897
-6.64428449010553,3.92569762113451,0.71767275098481
2.59920768520651,-5.69817936852768,0.717404322491572
4.45306979183799,-5.43013726904333,0.717404090625321
2.93267470864042,4.48714383781893,0.717263311107739
-9.52783026728105,-5.30752351363885,0.717094731133519
-5.72028813247067,9.4352397197284,0.717076408620778
5.96009436545197,3.7700525963323,0.717019437090555
-5.74979065726398,2.51400407721262,0.71695062592622
0.179641055964232,4.93117638292508,0.716561869988217
3.28434116011252,4.85187210509292,0.716346463649645
-5.84404626119592,-2.64341360399842,0.716285937130949
-6.27523066057279,-8.24367932510147,0.716233329212873
7.00352586959911,-1.48836852286852,0.716162184876689
-5.37066276152461,6.0298233619291,0.715915261867783
10.6997068347646,2.37435024086115,0.715897233888792
-2.82076695999301,-8.6774937727392,0.715873263311493
-1.69698616233354,-6.62777367663065,0.715832404951488
1.44904131904022,-8.2961317872311,0.715493680995652
8.85347601203486,0.476935583099788,0.714576916677157
1.98660240586978,9.6635838423936,0.71443227434612
-6.11841340208071,0.988586554929273,0.714392006864951
6.67179266104617,-7.07471680221989,0.714197926261703
7.61020221581851,5.95184920861356,0.714167377172238
-4.13324990484105,-3.49389516413675,0.7141402424905
3.66023621914148,-8.04297828667867,0.714005335717073
4.3847836376243,5.05545426504866,0.713996956568919
-6.18765770286351,8.9702558825097,0.71399375313064
-3.82723402845045,10.1544432021034,0.713923489939728
0.645038062356371,8.40522249582526,0.713871437137278
9.38064889213609,0.493240562839231,0.713847772463515
5.32542847530405,-1.97096014205061,0.713612675776038
-6.96765939882703,-0.899444474733899,0.713557649718365
6.71871835350812,0.84250395444084,0.713536866572153
-8.23655947055181,-5.75402236752874,0.713533167882595
7.48278294638615,3.52893176395547,0.713481303223497
-0.424546753960689,5.55736086065563,0.713237395286111
-3.83451229648675,-4.91878548987922,0.713213572818258
-8.55413134351251,-2.39393137696457,0.713108633019403
-3.7806223298398,-9.35595614783332,0.712917505302218
3.61662827957802,0.0933860227020324,0.71291575805131
-2.39790477935101,-8.16458611279524,0.712866976608063
-10.1651351157155,-1.42029944932853,0.712642207552306
-5.87803523380096,-0.88402043180673,0.7124213990894
-4.73430917231528,-3.86282271398437,0.712401033735099
0.0302242710654759,-6.13654118428717,0.712092060600875
2.51467420836095,-3.79844470171661,0.711982634145129
3.95011041751644,8.23388638320975,0.711889132198063
1.14995700186453,-2.57702477975007,0.711372114913823
5.83204774206819,-0.904528685972355,0.71132552473343
-1.75670482839157,5.19749981204986,0.711290542614799
-2.04312690402725,6.22582433780424,0.711158667620487
-4.96678332501049,-4.85967209111132,0.711038232156375
-8.05124860011802,-6.45297715585351,0.711007634263194
6.43302244503208,3.44621121716605,0.710819009530282
6.52659394621203,3.9446852202342,0.710698358687886
0.781023601350495,6.85815879756028,0.710339719111892
0.128354282639981,5.74577453070122,0.710300439096343
2.80971917191634,3.74451090361521,0.710133131530453
5.51162374989709,6.82006049095055,0.710066521808417
-0.0745110882221842,-8.03040118867328,0.709975947108069
-9.3140762771874,1.3434763660992,0.709911566903451
-5.27383443682936,-5.30671971358004,0.70978961228138
-8.45467706475035,-1.23738117492918,0.709624301239438
3.04983213070783,7.48222278364156,0.709244162947746
6.01953476899873,1.51723738629554,0.709011962834781
9.08991602122644,6.84987837873524,0.708929017993038
2.15433759013809,6.61730200998879,0.708889319762688
-3.9523582137646,2.17946881781457,0.70885953325763
-3.18233900591429,-7.36987961022234,0.708424675962179
-1.73459578161749,7.45421556465043,0.708346903133314
2.74631273517293,6.84772350341209,0.708156300067736
-3.34607587208379,8.30940819969029,0.70809275629268
3.21624211396727,-6.61734574359032,0.707811359621094
-8.93940279709532,-0.632135013561845,0.707601697670334
-5.71756353645786,-6.49889398672695,0.707551498642716
2.92713240876289,-4.81302613356613,0.707522351041973
-5.97891947257359,-1.00603951930526,0.707411887824133
7.00600198045065,-4.55663927018967,0.707271498485354
6.38875955619283,-2.93750628232396,0.707131300121928
-1.57655034265127,-7.26789868015311,0.707106852743396
3.77134939172928,-10.6144054703637,0.707089406585846
1.50056328550893,-9.8057762897155,0.707088784411705
-7.07994582319861,-3.72599632076374,0.707009858643178
-6.36272191830125,-2.72774407265945,0.706947439843872
6.51326198391266,-1.62446114798409,0.70682894338884
-5.45948558380613,7.22896315423362,0.70661520943332
-3.54649604272784,6.83638616851812,0.706528240923252
5.85790807412769,-0.228104599692536,0.706517291241467
4.1744766252429,-4.69734889572619,0.70621419490364
-7.78338817133339,-1.71242331807401,0.70619502797854
-7.17345308716914,-2.49975099372204,0.706144582723915
-0.559415225191524,-9.4614083498203,0.706098272816526
-3.87899015480453,6.30236550688673,0.705998230910758
-8.13349620975236,-2.57369436778196,0.705594559992457
10.4911868463482,-1.60943373719931,0.705578662357205
-6.79554634245226,-4.4173731943733,0.70549270712698
-3.65428196234887,2.31142780421328,0.705398030967905
-7.3913445895634,-4.95237259159034,0.705301101386786
-5.39256615899754,3.56328388330143,0.705250731634046
6.25713228847971,-2.19705101213607,0.70505059109648
-5.28299339475562,-0.549978441987782,0.704969151882933
-0.330836766193022,-4.94644309966201,0.704924880998968
4.37635762929133,8.88312249700441,0.704765870830685
-7.04282315289761,-6.95031000440334,0.704627361197414
4.0941855403647,-3.95529952572291,0.704271543947355
2.68068479638674,-6.96541402405214,0.703956886997661
4.0337123932203,-1.9540315380564,0.70394911617424
3.01263286325731,-9.86352320965233,0.703796536087451
3.79561193457103,10.2790683924176,0.703615366915081
4.86738619018818,-0.348879428360766,0.703558473440797
7.04031382920923,-1.65317953238132,0.703340056051935
-8.86211328650069,6.49474799283188,0.703325069819251
-2.2980637453283,-6.80384326102106,0.703135924740252
1.132071579901,-8.00639630565576,0.703131795781653
1.07942753084524,-4.89753567729156,0.702952710595392
-7.68566157792164,4.19752060556509,0.702943503523857
4.92626416168902,-3.16148322110413,0.702862728786837
-5.45430807354235,-8.58005225888181,0.702830238604151
0.303223526859064,-8.80834542011962,0.702823276040528
-8.49910677887808,0.737258555429706,0.70279438094635
-0.412569728607042,8.20105688191229,0.702759806297866
6.08482538539383,1.29639032683514,0.702497178796874
9.75300805213395,-0.771802510639333,0.702403427636649
1.36672442858579,7.96145128065515,0.702346402684425
-3.63314443794358,-2.993395444544,0.702012210575725
5.84463455692471,7.10195746765743,0.701935035868267
-0.180386390963622,6.62629324110482,0.70193410808702
-9.77540412108832,-2.96310087881049,0.701411793269973
10.4790502626581,2.59414950676091,0.701278194841602
-10.5759181003834,-4.54982143133745,0.701135437758087
-8.67479282695838,-3.36991353552858,0.701126816387099
-5.90675102693748,-3.68004911808473,0.701107400315346
5.39107923676024,-3.86548474439459,0.700903365954283
5.31938015132116,-8.33139237944722,0.700712496959791
-4.81211557561217,8.59774433073977,0.700580326601026
5.46179299916615,4.99522119251366,0.700157291980277
1.54200206313531,8.12582196635851,0.700139398817805
-5.87192218589228,3.83325909074523,0.700077092311343
-9.7400215150891,-1.72069345325565,0.700051620756953
-3.7040444236321,3.56965666922566,0.699919603712318
0.220375466560988,6.20147688461848,0.699419181693558
5.02566394923036,-3.10263632127063,0.699303734166569
-4.67994593482341,1.85107890761669,0.69928472699071
-0.906741346597239,8.68328273362852,0.699136293121372
2.17869578768235,9.27454204260415,0.69902717540872
1.47385935336608,-10.599618446585,0.698781075784805
-3.63652591137418,7.62692884247077,0.698624044109268
-7.07218799440257,7.6848278938612,0.698558366048745
2.50498794882218,-7.44060045806431,0.698509164433318
-9.04939873449129,6.50719135659729,0.698280533982154
4.77599705848791,7.7199544762219,0.698212235536476
5.55210121482371,5.66767728402974,0.698191741223735
-7.82753721766728,3.06539565324701,0.698179573371151
-0.181184811967087,5.18154369503123,0.69796665987269
0.418441909191326,11.0984752402474,0.697836593932861
-5.6229966530759,6.47672338184628,0.697700573764646
7.04500653695002,-7.26126129537686,0.697333963724124
9.81388993626833,-3.04047196166418,0.697205377629435
8.12687890142183,4.16726249863146,0.697171419653234
-5.02171860551905,-4.15852945105849,0.697115401825544
-7.04557117819258,-3.76705218920454,0.696989614230077
6.34544506749526,-2.33220164745749,0.696834910979965
-6.59758294812059,4.57005565415524,0.696834462098853
8.98981522348864,5.88462129081407,0.696182499590672
3.63950320389071,1.20487037033779,0.6961272616614
7.32384163189133,0.882706116588979,0.696090849242191
-8.35151183926239,2.10590216910341,0.695905715727495
3.83080770775225,8.35292661420573,0.695501243622066
-8.15018343473409,-1.46461484827919,0.695495177479528
7.33132632806082,-2.7714179403828,0.695493341987595
1.16447808628772,5.64996975584664,0.695481999192151
6.11397927570941,5.51801557039327,0.695380300456709
9.59728021789713,-4.70917749956898,0.695352014955691
-0.434947138677344,8.72864059397938,0.695196163137047
0.221788161511771,-3.40525064351395,0.695106347141137
-6.12760784926014,-1.72015490546546,0.694855786345289
10.026595171815,-1.71871899987355,0.694757818810731
-5.12340338072867,0.760880548201925,0.694556431115031
9.85403227914091,-2.00489626389941,0.694535373315085
-4.51707825118726,5.56711029294622,0.694420695432891
3.88623551326487,-7.3162540847142,0.69423869513746
-3.81043307443836,9.46587408846583,0.693907367676578
-2.96062405675186,6.8318231308109,0.693755080820715
-3.49124976855092,5.86714042444821,0.693684764313208
-8.6935825114843,-1.26726680392106,0.693623281529111
3.71795927443207,-2.59130754671962,0.693512539283486
5.31568841198884,-3.84349033307058,0.693108629790682
6.7717435927323,-3.82754841523651,0.692917132570758
-6.49925637223557,3.70419161982158,0.692576368570491
3.34456241120831,-4.84160565991593,0.692522821744282
9.42051773961738,2.96435611890107,0.691977874242436
5.91129909425983,7.58386577767237,0.691951836764217
9.12037951997165,-2.64295265857801,0.691948451422413
3.35119078979514,4.88106445063933,0.691907309882925
5.17527782710831,4.3325839347968,0.691722582445714
-7.93183208164242,4.2549556960254,0.691668836444548
5.71295465827001,7.47777051613216,0.691606719640944
-6.98118722653789,-9.17537348972744,0.691536858552468
-5.78939084055356,9.72796540475379,0.691463927659552
-6.8447545849282,3.40571340089001,0.691381643966571
-5.36739792648165,4.13966466560929,0.69111444423991
4.36296361003699,1.50549576442833,0.691113245186293
2.95191531856648,-6.88619281119669,0.691090722416778
-4.3161006474361,-8.19914705753983,0.691054199657447
10.5349015702645,-5.43800046959846,0.69096166959495
-7.14673514662848,6.58422997980644,0.690871048754447
4.74514016202684,-1.44863532379702,0.690832851978349
-1.95555228963162,7.98505631067339,0.690694381595985
7.02166555442045,-3.85665511146244,0.690647370457216
-0.711788244683807,4.64832243928321,0.690506413261796
6.12978383672772,-1.97512335840561,0.69013275439487
3.43901372210647,-3.30632750328321,0.689862755865729
-2.76396561638946,10.9877207124619,0.689804284193602
-2.77377024211899,7.11057991528774,0.689657823298106
-1.57642445256949,-8.24315111282411,0.689564781651445
8.14283257204166,1.68637166444163,0.68953689571407
-1.07163981714666,10.0432831551777,0.688921691692552
-2.61967242687262,8.12304375904173,0.688915072186431
-9.13348183606358,-0.480220201414219,0.688796752999317
-6.03958552943854,-0.238498884043343,0.68878128938034
-3.13687662157102,-4.50860259765295,0.68872627739431
4.35007609796664,-3.26505365454116,0.688599172417322
-4.95927670301411,3.90330515122613,0.688414340450596
8.23576402425846,-1.62653344070978,0.688256041952969
2.6280534252133,-5.04263004039084,0.6881274647071
6.58355033243405,-5.16552811076686,0.688087056443521
7.74044163025085,-0.410045016338773,0.688028587033716
6.74523693398883,8.06895726519164,0.687819119704319
7.89595446850445,-1.36268586836039,0.687678855444568
-2.91187765344701,6.5473304700895,0.687663565565015
6.77833312400124,5.10720850074501,0.687624646988166
4.99447007374609,-3.07444368393017,0.687485904336861
5.08280834271262,-6.8928110868228,0.687355636799262
-3.98762546874573,8.19271537973601,0.687246994144202
-3.15110447620804,2.31252345941219,0.687173985377257
1.64188052633501,7.58559215646767,0.687131804050712
-8.71075181655036,3.74801766967294,0.687121133409223
-0.735095524642216,10.8844080755604,0.686916120236548
7.8130227446327,6.46563108703053,0.686815669365163
4.17523015000603,-4.48921228055782,0.686649756696143
-3.17026297528098,-8.29884859838244,0.686532277509259
-4.50311222796944,5.1475291538362,0.686297272767336
5.30016539641152,-0.729785443219706,0.686260572869314
5.38301085889384,-0.0919729903977164,0.686090931655346
6.79476280414532,3.6172384357853,0.686088584009428
-3.14300331128546,5.35132437536479,0.68586664377081
0.0214775205549386,4.41278679475148,0.685709330113465
4.01739965252923,-5.5887697667996,0.685661040699593
2.02822407393914,-7.88716564186634,0.685501373190584
-2.22666086784553,9.98346229288778,0.685275352894781
-6.41188991994492,3.46895940524337,0.685260689633779
-3.05129323316889,3.51138968185386,0.684629416702175
6.16552506374533,-2.24165753204739,0.684142831895637
8.51526761268827,-0.168503476285332,0.684026040979067
-4.84479170451707,0.171437084108065,0.683948603123643
6.86997630642668,2.27573486634602,0.683723191364433
10.462117181255,2.99670517175885,0.683485575005158
-6.7505605282328,2.98368259558849,0.683294957323901
5.15736416505004,6.12074952868933,0.683150695127787
0.0295246302613176,-10.7455165540466,0.683050711749416
7.14746824175113,4.50121582615267,0.683014081818426
4.45340132095323,5.0168469681262,0.682989076463741
-2.89205559294203,-6.70170977225359,0.682734652386768
-8.84803984173472,2.21937899062148,0.682684445805024
5.00682299439635,8.43445526759472,0.682556080245853
-0.698812387119268,-11.1456735953831,0.682432741413147
7.73637603030662,1.77378220313035,0.682272672908945
-7.62000056044293,0.196448258039936,0.682133653483522
4.05898870251411,-3.79524828101961,0.682047332947663
-2.59218201860244,-4.22502754097047,0.681492147846951
-7.67644897822552,1.3222575363101,0.681475116190636
-8.60244533729173,7.19044450599256,0.681398022280717
-8.80642983723411,2.26987058765162,0.681265169950271
-4.12956370967034,7.38528756862104,0.681260513896921
-7.57499355271809,-2.42059123909345,0.681223601423231
1.45694166608619,-7.06567559907709,0.68115916120298
7.63976202748148,-2.79789204895567,0.681083956771751
-9.14645093815591,3.19839527296134,0.680785682934869
6.92060110443501,-5.2243816477888,0.680697702832615
-1.61805868573572,-7.9715764667878,0.680657524445519
1.06127367630005,11.0877106352323,0.680612145934886
-10.4683706726613,-0.219553828428083,0.680592477774773
-3.13632083028071,10.2689035683457,0.680584801288502
-1.48599485676039,-8.8403490086957,0.680428048629097
2.2911948207531,9.65749044636505,0.680374218755575
-3.61369541765084,-5.4283023106216,0.680134150246906
1.44642367736209,-6.71253513724587,0.680057607546729
7.72557198830233,-2.68511549307138,0.679820503968465
6.61037930726461,0.30335923226816,0.678862362980775
5.83846249812522,6.67544973981592,0.678501514185883
-8.1373968192749,4.58620053248214,0.677999493936567
-7.64837413443226,1.28569596075597,0.677749003944533
-3.78133886421719,-1.11373760675739,0.67765301436838
1.4970064319143,-8.11916652238737,0.677650045296793
5.19562867240119,-0.875961194059275,0.677605452587106
0.302510790891309,4.39896573482279,0.677546455856659
-9.23776980839553,-2.92743726875786,0.67747836614125
6.44193327483955,5.08629688166523,0.67745837344609
4.45060986333131,2.95016561984307,0.677447020138456
-7.66931876031412,7.80946277838802,0.676729498150887
5.49002948316665,7.77757346061234,0.676690228253771
2.53632570898366,6.02579170537839,0.676372657913366
5.81871825843222,4.76020108222993,0.676348735312737
6.79791156396477,5.97125789607987,0.676035102890715
-4.66230863691558,6.04607268238119,0.675884318636176
-2.6428193078819,-6.32601178977686,0.675840365598208
7.12013123555537,6.24144850178547,0.675840216094327
-6.06904425830379,0.652018778138278,0.675835468264197
8.23154099787947,2.78512318847753,0.675832641333955
-8.11782587325756,4.87700495469243,0.675625617287128
-0.000532322664574357,5.75767207407027,0.675543229274181
-3.85474298433026,-4.27167504861304,0.675328150606717
-4.7611369883723,2.93032439618421,0.674959084827077
-10.5729341441542,0.225530093080268,0.674953727551115
7.59117379095004,0.22973656629482,0.674887119903972
-8.04958246595844,2.19277903917519,0.674870492715939
-0.544126881641757,7.19247638151982,0.67473930301116
-5.34884941071766,-3.31584357904289,0.674691323358717
3.36384265538654,6.27512612204647,0.674622454004004
-3.91904281687947,1.67171340071472,0.67405281107895
2.17002328119873,-7.00040579701106,0.673745555853979
7.96138781810878,5.26604861934707,0.673712831032991
3.06028530009135,-6.23095849864508,0.673686609517095
-4.8174869804626,-3.12709977709764,0.673647613223023
0.175082114931635,-6.82350157967839,0.673510348478947
-7.964620890028,0.596241727235648,0.673480376157575
3.18154817952115,-6.5269542450828,0.673299123165053
-1.01084953367292,6.49941799309678,0.673285831224347
-7.29437600988205,-4.37716502647543,0.673269317736023
2.76807254253028,-5.09998229754121,0.673029302095839
-5.11974464082261,3.63432236349874,0.672928332013933
-6.3731586088473,-4.59386792356852,0.672614293111991
1.73693098305401,-9.36226580580381,0.671947254286097
-8.90602817071481,-2.76169709953159,0.671901465529988
4.3203003571692,-8.51218882489168,0.671692700609327
-6.39676152751394,-3.35564163466423,0.671616608736556
6.43032201224294,-0.335464575369949,0.671588614467958
-6.1037787058682,3.14937233538415,0.671514940343925
5.46527831292112,6.61439089222445,0.671345791483256
2.11893557041425,-6.70900150454118,0.67126668295576
-6.67765844418754,-6.79396789009848,0.671133919055233
-8.21447021444937,-0.314592839206522,0.671040747591424
6.6837099746506,-8.34375089038117,0.670873597656158
-5.57151672290361,1.46944399501595,0.670770622550333
-9.95803946332795,-3.22230745207873,0.670731273911505
-1.27773267899052,-8.011146013083,0.67057971232076
10.1036966313176,2.54312942825939,0.670521566763595
3.49849920619399,-3.83914085329544,0.670387191417979
7.14888097032128,-7.42769508951723,0.67037143438181
7.39902423613467,-2.56028977411554,0.669976429402001
-1.93711520427266,6.59219825398654,0.669928799878665
-1.59407742684264,-1.51282745201351,0.669857307003108
-7.13595502896545,6.19474999101971,0.669546688787375
-7.69835235276235,3.78785855875565,0.669462896767583
5.2795711106246,0.503445182015523,0.6693133771634
-8.72299693719655,-2.10953408721888,0.669225249569712
8.60292521415424,-1.41713506001475,0.66900655175574
3.76129072164399,3.4389134660342,0.668724657273693
4.91259373066803,6.41071097265772,0.668576095278331
7.09952948090697,-4.89419503708981,0.668453732757981
7.11114066759987,4.46786710759957,0.667867254675952
5.25588196724294,-7.11192997169104,0.667660172440472
7.97204641087272,-0.30895732940422,0.667526666515474
-3.62688928303337,-4.90493830913544,0.667043204532729
-9.23966673519157,-2.42476198430012,0.666789688426989
4.71260955104515,-4.5323642027035,0.666776450509191
-5.86506507137203,-6.45851257309413,0.666674953827661
7.48649494542816,6.99359726277167,0.666180374662038
-5.88298326795793,-4.44233647289386,0.665939849118172
-4.32873709661531,9.3485906858479,0.6659225993845
-2.96173024994631,-4.98185389899179,0.665811636416211
3.12724105251968,-3.33181047455815,0.66574169379624
8.64035263274118,-2.75071150923496,0.665415920717542
-2.43988359553909,5.75364586563586,0.665207841004729
3.54161040673234,-5.70707231333268,0.665058095302
-4.06909102471823,-4.82610935844938,0.664772055851374
7.70607501724682,3.83029741366669,0.66429370387903
3.98360910633966,-7.50147534966448,0.664276436357149
5.43080870577585,-2.31687751846152,0.664163569128216
-8.76635560069587,3.21185386435667,0.664122768120701
-9.46630466725953,2.76371714219196,0.664114274031852
2.23130760402379,-3.63271847906777,0.663398974482544
-0.957601313185158,9.77536663796621,0.663358790724303
6.93844561087744,1.3599979099365,0.663143994538442
4.0760700776138,-7.18286300603332,0.662943702049952
5.33094375540322,-5.54783361586975,0.662850052154727
11.1895167467167,-3.4515521482964,0.662515453964844
-9.84550147442227,3.27791464121053,0.662420700298649
-1.33397676297373,-4.65412600376029,0.661935820614772
1.42698830685023,-8.29551508187191,0.66181483890019
6.2029389153299,3.20995694201242,0.661293190926158
7.08444788167414,-1.4430042909328,0.661221628909031
7.27731161404487,-6.34117071990661,0.6611932324486
-6.85291837474698,8.81716927858387,0.660832225331226
-6.12611724714483,3.58436921310949,0.660607222911146
1.32268189310635,7.72592557358598,0.660576848980039
-3.33455827597846,5.84852031881274,0.660203912378495
-8.20919578630141,-2.27222840500856,0.660144116121048
-5.19003705451711,5.18018904034635,0.660071266124917
-2.13858660206949,7.54725341373644,0.659944159908601
6.08484058539319,1.21076215896369,0.659755832737943
-2.7294123195562,0.775652735371792,0.659613931294908
-9.16760291084749,0.527110034397062,0.659546404397781
-5.23946486983204,-6.88291648801353,0.659397545140517
-5.52611221961405,-4.79656772053421,0.659242368293858
-6.00973970587954,3.76056150243857,0.659120709993498
-4.4329673541279,6.74904238956423,0.658737070627642
2.93742441316874,6.86826980597422,0.658704488408756
4.51557542536051,-2.31162287695228,0.658681235647051
-8.21840727975234,3.31518816596844,0.658630658828581
-5.21566669822936,5.73533081868229,0.658604338252874
6.22738966947216,-4.65502765415171,0.658586988715084
-9.77144307861435,-0.343776904173644,0.658362572927113
-4.50132585271767,2.88663223592554,0.6581981865449
3.50084810695954,8.15360288680623,0.658127304136187
4.58512464867672,-0.955786270883191,0.65683671506849
3.47849682010909,8.44160847362557,0.656516007552079
1.89030805896431,-9.73029266158691,0.656308091398992
6.46233264975566,-1.15716903852853,0.656231615718895
-0.77605796443245,7.9233251166247,0.656171085534997
6.9300138411311,0.540531678085077,0.655549121313119
6.9069567069421,-6.37862606104751,0.655424303306295
-4.41132770025377,6.35140978185993,0.655074089010068
-8.13042889230487,5.3940090084961,0.654997820471005
5.85786300846357,-0.00159098260442604,0.654842350290306
-4.0662747070981,5.20011089342846,0.654469363014958
4.10713383179082,-2.85503080496851,0.654392374880179
-1.27347462914154,6.53200795840099,0.654282995980382
0.673569762694679,-6.92650406568227,0.654197894525401
5.39074762308883,2.66024416309767,0.653952722131581
-7.92990948110089,1.74483364381729,0.653896622037608
6.81062314227225,8.40442675888625,0.653715750118194
-6.56507660953694,-1.45815509736947,0.653589939377823
-4.97214303916066,-8.62501434238068,0.653082678020222
1.37862979243741,5.29196121283442,0.65296531237918
-4.53360051041976,-5.24375063321547,0.652961119151545
2.2511724057114,6.85518647267748,0.652960969648177
1.49865489594087,-5.16493787436829,0.652830479608458
7.34325957718199,-5.13919106016079,0.652730098719706
8.22903000078165,-5.99189698079805,0.652508008234374
-2.85604482992855,6.22300214076485,0.652453217081991
-7.81136016785113,8.60205077352659,0.652146906593523
5.42183302770329,0.217856643726377,0.652013461540749
2.8315605676555,8.60848736653508,0.651851357814006
6.57376366625285,-6.02869722962791,0.651790111548156
8.94068814969292,5.09429606460768,0.651612323080664
1.49057875410379,-8.75007833181864,0.651548139664486
-5.55532014554156,-2.29499501528826,0.651488591618225
-8.63434878161697,5.73313977955902,0.651417709341669
7.64601698341805,3.30811500259436,0.651274872207798
-7.48219639688171,0.162561123499693,0.651164558926869
7.03269807409771,2.61180700197616,0.650938693732171
6.59229808648096,0.83805929216689,0.65057333661318
-3.20617547985083,9.42129150380092,0.650498353801542
-8.57092941480378,0.981880205602114,0.650497320491914
-6.9252782836798,0.732254340093507,0.65000543365391
-0.84860411428503,-8.05317804182476,0.649948409858245
-8.7309110591969,-1.44165963221024,0.649511525923938
6.25140426815085,-3.90290679442962,0.649471760013869
6.01227671479971,-7.25143525553369,0.649420382993817
-8.08705103206723,2.92597913541939,0.649362943185328
-5.88740129714463,4.19187506942726,0.648732871346629
-9.76221388078818,1.9504314271922,0.648731879207267
2.4939911614202,-6.64947486020361,0.648517152411017
5.56283634914592,2.34329344523645,0.648399328604241
-2.76512350602394,-9.08496903798292,0.648141393075866
4.34908271466306,2.83549429637541,0.64792752578158
3.84361590730953,-7.53988553727204,0.647633567854387
8.81745206348882,1.17012459610636,0.647547607875628
4.89669501504442,4.03772941792948,0.647425395523922
-3.94632967344244,3.21593389990495,0.647220280227804
-2.08112104477068,-4.74824237741288,0.647034099810298
8.62395698117373,0.984798659570428,0.646914682761287
10.1862559163124,2.72784233641963,0.64586361372111
2.77066205182269,-4.64645765462688,0.64561115030818
-8.26069007389083,-1.02576519811669,0.645233759749822
-0.901626460115017,-8.59683251308443,0.645191037626824
5.51469024314054,-5.44286917552264,0.644699616753349
4.49241221802198,-5.66275432614548,0.644458259052579
3.03682221495311,-5.30347140183727,0.644280487006652
-4.23001284538074,-3.39489754559005,0.644095616906124
8.91617794032429,5.92700125810504,0.643197461231366
2.91038484847634,7.90880704968787,0.64256844408912
7.53869950373429,-6.77134388388522,0.6424693379021
-6.07257746480298,-0.214471796468812,0.642348532208826
9.25320730027122,1.5238226422732,0.641999399903886
4.05628804251998,-6.03680295036401,0.641568129705202
-6.45700453423259,-3.5908644982001,0.641316832058788
-0.0419392368691012,11.1470192483461,0.641017645818905
6.1545097699925,-8.12408276733298,0.64092954975775
7.08246532667524,-3.2386310908161,0.640897121144036
10.0109874595187,-4.25216457763641,0.640850157010057
6.14306095318938,1.46933654430755,0.64082321104775
-2.29013139477514,-7.80672760223205,0.640604671481641
-6.50106113066514,-3.7565599434279,0.64033801500219
5.11159983964407,-6.45003466356215,0.640335009343287
2.63246116198926,-5.4152313296007,0.640246034628813
3.71245300961104,-8.56825461233171,0.639738927593979
-5.66435659557997,-2.539827636491,0.639472680285752
-4.06968135365554,-3.76232876215927,0.639386744296277
3.81879722411041,6.18902708486507,0.639384516635011
8.78367883757157,-0.277293291852146,0.639184270510982
-3.9447713764444,3.77526853228635,0.638901520529325
1.92927506719567,-6.41959551589184,0.638846944977431
-2.26524976609565,4.2614671710427,0.638703754083029
7.59256054765814,4.05469140925892,0.638686949538486
-3.03815717373764,4.5383781261634,0.638535523484708
5.82779454327241,2.72103579809632,0.638336475740819
8.29481168355428,-2.69927994379973,0.638319703158756
-4.02251147530236,1.10895202632231,0.6380039146704
-6.14077937109063,-1.52433897044695,0.63798644721939
-4.07135927898578,5.15872023914276,0.637784793383324
-4.66736064209351,-1.00502966727893,0.637697222671554
-2.15590502012824,-10.1107322847086,0.637382145328803
4.77639044141543,-6.5785257792154,0.637042159987992
1.45367013853559,10.6530249852487,0.636967069350561
7.96595261134096,-4.73898895253088,0.636909120934316
1.81910731300297,5.76296790650921,0.636793655994331
-4.24983632776317,4.45273871751691,0.636771613303494
-5.98912674067741,5.58254231875657,0.636315177481767
2.76569213117584,8.29493958337584,0.636172112430008
-0.834326268683938,-8.21528231433845,0.636056973840676
-0.702476035869698,-6.15997642682482,0.635834203246055
-4.09872077163781,4.45859899585039,0.635400834852659
-5.59501155224987,-3.72273259544916,0.635163906758117
-7.29122831882127,-4.26929095284348,0.635136412733145
1.10726187375149,-8.96697557392241,0.634846060616821
3.15826673974352,-8.80870656393429,0.634537462988775
-3.68424195448644,0.0479413989252638,0.633902210414181
4.99328255628824,-4.04098585462114,0.633661919933954
3.48531542291822,5.44451430580544,0.633623290025583
3.71116234085731,-7.7141316247163,0.633617329910445
4.15266737732114,7.86516000280626,0.633202924045574
-3.43462851433411,-8.30318351020519,0.632515997974278
-1.47260092751461,-5.47560009896209,0.632444352616859
6.11453611119105,-5.88170012188603,0.632340021446538
7.5288558587474,1.73356019069228,0.632263537344664
-0.90506486163557,-8.94791275516778,0.632023323912801
4.65856233547861,3.56977656666327,0.631866218897131
3.20505213752115,-6.51490997571019,0.631791390104456
9.65466227817184,-1.71726148614359,0.631704706708467
-8.63963793765961,0.492622363843039,0.631668520533659
10.8927914165223,0.81919124838681,0.631065032701757
2.98788086433047,-8.69397574697836,0.630923216652727
4.62449964134501,5.49529986385487,0.630670935182305
6.26396930810758,-1.73736137952262,0.63010401151228
-5.06856602804696,-4.36915609985876,0.630068973258627
11.071397518856,-1.92805727722776,0.629857526825294
-2.56118907580384,-0.945187878610415,0.629648321790465
-7.1169676781147,2.94741009539091,0.629329773933414
-9.8674073339415,2.07271403143399,0.628930896296398
-0.814953135668938,9.43101156981088,0.628619520516926
5.5658508252899,-3.12362641395673,0.628571883209238
3.85340629870003,-4.68704405437993,0.628420581273388
-4.54498309117175,-0.422242728454735,0.628068411165723
5.64810372252354,-4.1838373046391,0.628030709223738
7.01995775955786,7.49804422351189,0.627985905824537
10.8880674110295,-3.5209574374308,0.627622315847165
4.31891607179673,-8.36183043321991,0.626314591676834
9.8729669677246,4.07858310681007,0.626196875484279
0.628247489512813,-9.86319398102109,0.626125291832766
-11.6498616169508,-0.914065404883514,0.625975732692013
9.87911022546231,0.613941949956433,0.625946298067006
-0.421568918426304,6.57170080735615,0.625882509515331
6.5220819302292,-1.53893280835546,0.625743641878075
0.464094527057759,-8.60748708818285,0.625026925069921
3.04633293537106,3.94309111767813,0.624277968333462
5.22985991394587,-6.02929798127766,0.623907452332548
1.98447916614275,7.16232175853692,0.622796483774304
-1.96072838948128,-4.57307110924202,0.622289638499499
-10.7135740542491,1.46782333340657,0.620743514485349
-3.99377293273023,10.0964905656559,0.620616644727994
-7.67912223309426,-1.05739973199041,0.620205336094574
-8.46873045554837,4.68453463299263,0.619883959689446
-5.90248536811439,2.106031672206,0.619463941097643
1.92062201459021,8.21055697877539,0.619098412694149
0.789462257614809,10.1810392523463,0.619034379032712
-5.87146867446397,-7.35669256394831,0.619023007268555
-7.31873542170082,-5.07657704933988,0.618679631860119
-8.67412304523851,-1.91525841579665,0.61800818153901
-7.89000525831524,-4.61087116493971,0.61791001811355
8.07867662968722,-0.036840160039636,0.617578834455028
-2.98839812525681,5.86249755298502,0.617030146750475
5.79241654903323,2.00911902845185,0.616712233192493
-10.3995749160931,0.598836735084817,0.616613499492437
-8.58904478982708,-0.344053573727978,0.616524538999157
0.713911015458822,7.81665905792003,0.615960322312176
-6.9806367159205,6.19079062785954,0.615628113737289
6.01562413980102,5.83071152269724,0.61550714285451
-8.39648088556042,1.78497288244859,0.614765426215329
-7.63216475194544,-1.93273723801779,0.613822722948794
-8.85912876952625,-3.84557889404465,0.613821853658551
5.20353745215886,-6.21071963076364,0.613473506173369
-4.46708922348007,6.09843936357414,0.61336888771282
-5.70212492131751,-7.62238310724745,0.613317214389663
8.88420498679356,2.03029352127048,0.613062321562869
-0.186755746140613,4.72544674005402,0.612554908061205
-1.63299243137221,7.13066235509378,0.612344572263985
5.92517013597274,2.77004856703107,0.611945345434552
-5.14086576968973,6.73868702346851,0.611907565892144
1.65308980685331,-4.01354750431024,0.611791980585572
5.44586106690349,-3.04500926582161,0.611307915002917
-5.37669981898238,-8.09709018179686,0.611097631738503
8.24978947711715,-0.927571428236503,0.610981395029004
7.09409160179884,7.76019060499488,0.610819524971018
-0.334360942343188,8.88395982945897,0.610187035184553
7.52190064552851,-0.944281493375661,0.610002668751283
9.4527052438076,-5.21564869945238,0.609570393543582
6.86723068365907,-0.272176146653998,0.609187776249475
1.36269834501988,8.58825205484972,0.608556082923831
-1.28660842725953,-5.00728517071305,0.608512411389429
10.9846019989682,0.235110501557948,0.60833820840704
-10.483240028495,-2.44727393132192,0.607157249688751
-6.91587743064512,-4.61263818996219,0.606980071921618
-1.64965435213294,5.14729541220217,0.606869120569215
5.50030036445691,9.32178793936204,0.606784112663154
6.217053632098,0.979437899423432,0.606741292343714
8.96762721264617,4.43959346998263,0.606655944276033
1.57719542074332,5.58653398381377,0.606637886934971
2.91844054879419,-8.52865293392738,0.606367284822448
-7.75723821233423,-3.97901556479259,0.606101975723173
1.47104824319447,-6.88269921733904,0.60583246018701
-9.58456732129105,2.74294424672577,0.605660249340328
0.700481162453866,3.71435687146418,0.601772297892064
-4.74055058933891,-5.0388008784126,0.601721671493576
-4.49329165961324,5.45507355480895,0.601720995464901
5.55377958602142,-5.42212944631193,0.601238462040943
5.77388605494183,3.29177566939013,0.601235858475939
-10.3168670502759,-1.68080628253509,0.601024594831488
-0.236879683560847,-9.0963796018176,0.600846907266203
-2.70152542163299,-6.22732853042286,0.600728313524758
-5.89327608197071,-0.550078917545743,0.600716407075519
-2.69903219790699,-6.85046275801541,0.60037416481735
1.65437572257693,4.84823251167736,0.600192112064281
1.42089901267104,-10.0485601542862,0.599719832600441
-7.01170060899837,0.52269505165363,0.599444454767269
8.99080917812561,1.60328638705034,0.599427277265681
8.86904532052736,1.66077771417207,0.599299429408791
-3.70101578396653,8.20683888676986,0.599254669319198
0.224453990467015,9.73476123482292,0.599022292889274
-1.01420761177706,-10.2085202495992,0.598564815827196
5.84944137069366,-4.74887467352426,0.598215400279331
-4.19139733063538,-10.0094499445497,0.596152473157582
-4.16491175935064,0.268301153089538,0.595888713365378
-0.572799444307756,-7.2026163542357,0.595252719798909
-1.01341217568953,8.3236085928859,0.595018215247431
6.59690712097909,-4.60671717110398,0.594376699666705
-5.32755000850568,0.414393174459197,0.592322779647656
6.27362344250619,0.958463919365935,0.592132856251431
7.25092291068133,-5.47558838715666,0.591571613413806
-6.46727303649556,5.04300749409608,0.591120326171342
3.33741531758141,5.47159892686942,0.590275076206374
2.66928620418469,8.51994814890246,0.588477818120378
5.07542532358893,-1.46460481600503,0.588061133757473
8.12942099883515,0.65788840573414,0.587554219706107
6.27572798719768,9.95254417399121,0.587449311501249
-10.9437248789869,1.21580811605992,0.585516319222015
8.82155032365042,5.90945818295052,0.583142357280321
-3.49325013211484,2.25420300697417,0.582514524676551
-10.7928701281674,-0.368135393802715,0.58240705023526
-5.78555400343672,1.82289780318298,0.582261585373627
-7.17710184136098,7.173412241377,0.581727565635348
-6.45462652364667,5.45083264385341,0.580770833384879
1.02796778281676,9.38835176994971,0.580735167865217
-2.28275224124596,-5.73389501141285,0.578955214947282
2.44509910466852,-4.41202959736598,0.578863257486663
3.6417908845577,-3.37539457635838,0.578473888623061
-2.12867287428461,-9.97397653603791,0.578397377017342
-5.6933051200876,-2.42530517224183,0.577491096587851
-8.62385447184309,-4.52035767984028,0.575541700439374
3.40804722054532,9.98796679043964,0.57384866225198
-7.95971882679037,-7.93571848924258,0.573519229471991
-5.42082109215859,3.59884845932109,0.573217104303546
6.25044859833735,7.29651541412337,0.572643583246214
-2.34958486863151,-9.17160358838209,0.572367572424506
5.89670817348948,-9.39822663739302,0.571674704999278
2.53390116034552,-5.06530877638948,0.571531596884395
10.2823050641377,-2.8957755516044,0.57048204001741
7.01424517253321,-8.30187890038662,0.570023098775986
-1.19676083727157,4.64529187851079,0.569814905782852
-1.28285985102257,8.44041328236303,0.569813367589279
1.85373491874712,-4.58273362592308,0.569684427721785
-5.76863643233286,-2.63381680303379,0.569125310188936
-5.32648680040969,-1.86029457798469,0.568810164492217
7.8179620403191,-2.3726437007907,0.567133506598827
5.34997331016605,-4.65342198973219,0.56458125120067
-5.73108085668312,-3.06410204571745,0.562583925726588
-6.64669345809642,-2.70224153105726,0.561584869214571
-7.4925098894578,2.30189299468723,0.559782563802694
-4.66008576307199,0.913536417062927,0.559513246567698
3.88337470466924,5.41606252470935,0.556497923079487
3.80852346783071,7.07456875052876,0.555688156567101
9.74695721856662,-5.90653410223091,0.554935023030266
5.75210669110318,7.92962353636463,0.553866580071634
-5.12488882067108,-1.07760998490204,0.547347361931071
-6.06531131357532,2.39982447889755,0.537607710240665
7.41508910365046,-2.19683205024358,0.537289014133999
-3.21557820627713,4.55828617957274,0.537192269076568
-7.91651830998462,-5.47437015268557,0.536204497819904
10.2118267081649,-1.97848185059,0.53600656110885
-6.69628990767009,-9.74917754181122,0.535509078728921
-3.33410702280225,3.23322961735293,0.534709601559343
-1.85280498520428,4.58129155688838,0.530707769407685
-0.738770100366358,-8.99622294228107,0.523638114001987
-5.10258793031889,3.59914929149467,0.51887092715103
-4.69778432652037,4.0605102249175,0.517115510811965
9.65778556594533,-0.4860196667728,0.514336435179235
