2.34266567508913,-1.47341714810347,0.981504257964944
-3.99691445670346,5.64321846550158,0.976499143481957
1.40305474290089,5.34703627171733,0.89216333222559
6.16335618996504,2.63148112678842,0.891688479591754
-0.327715941679541,-3.04400271471634,0.890473400823734
2.08160658407275,1.50256777519454,0.889310429251869
-6.63127203390876,1.64086491530035,0.880393537423807
1.79363102288779,-3.74888717129359,0.879156814996167
0.890911736991752,-3.25352638300838,0.873580078687907
2.88426326172918,3.2362026983995,0.871971068819192
-7.75482668736423,-1.46594242732075,0.865979830517108
5.12297223666421,2.39564647130844,0.860375044536678
3.42567762664427,0.77242116797248,0.858306163723495
-4.28527759983136,4.20064181738547,0.856314350002503
-4.71723571131504,3.0427061677926,0.854452149037031
6.251395062061,0.16357326951938,0.849766062399118
-2.43303923772818,-6.43147978416313,0.847833973249559
1.46694828649321,-4.49377834525134,0.84775266771123
-0.107791338157976,-7.81051473963234,0.844095228977836
3.740936223867,1.80972678719866,0.843054369039061
-7.72010619078294,2.53505648778534,0.833589162390171
6.65456921017286,1.7353528590027,0.828958008698226
0.470180096288692,-2.8566839237147,0.827294276302654
4.4508491458861,4.15582480331996,0.826971353864899
6.59250199033771,3.41377970120974,0.824682924261797
-8.96392531921114,4.64205511863196,0.824449585541775
0.789154620891489,5.36901279526093,0.824411296620242
0.68047893184815,4.18827702685362,0.823016493428771
3.00153099588354,-8.15764779116797,0.822502555541452
7.9946752809923,1.07881700001273,0.820029307217044
4.71040512207265,5.33657204407008,0.818296552153307
3.93418467224284,-5.49369664546939,0.817160261163066
0.37525610563153,-6.14151371806259,0.816869508413585
2.01903834475576,-6.85801355072225,0.815919850721959
2.61396442447182,-6.9744753628248,0.814439482850949
-2.53825469812832,-3.58532224535662,0.814085561645891
2.25940805828062,3.46989479815565,0.812041530123939
7.52127763718174,2.86056479851806,0.811922229225007
3.82528578429987,-0.23732142007694,0.810967384262743
7.51603387062307,0.396987080280879,0.809663593214135
-5.07194881380391,-5.32104164299698,0.808827144084327
4.29952451789382,-2.9635688168522,0.807103527433293
7.83743194488021,-0.446678211729819,0.806944989938008
3.87007712014777,1.47910789033092,0.80685285765412
-2.40382550276591,7.45078997493508,0.806464822738205
-2.07639177351274,-2.67152078861394,0.801962772462704
5.207238433727,-1.86407401401733,0.801418425570913
-6.60291278689851,5.56243098864546,0.800757983006574
-2.80541361570967,3.95918025874165,0.80070211840014
5.8937529193919,-0.729024659252301,0.794313032623214
4.76986089416392,-4.5335660989991,0.793884043562736
-1.13051920978952,8.41180418510262,0.7938773084419
2.14452780623424,2.34557060819393,0.790955857950004
0.952266794558995,4.96274638571497,0.790167184188771
-1.77315462109399,-2.23880403771268,0.789769459762904
-2.93445905174397,-3.75175918149508,0.789597702118913
-1.35233215860996,-3.4045762641381,0.786743194058315
2.92344118642926,0.768213305455888,0.786062455769441
0.0760348361181521,-6.10209865293762,0.785566642735772
4.09474237566203,-3.85836287667123,0.784002477489046
-3.0989225137575,4.38037332758177,0.782968128709705
3.56829541825476,-5.28797419178339,0.781179355805647
8.10719814468565,0.83442876727841,0.780355869699475
-6.05556536623075,-8.1538349078554,0.780175045581036
-8.73541974251311,3.16816413347354,0.779441607706958
5.02781136736601,4.38949894979624,0.778463107912173
-2.41456700383265,5.19366266433285,0.777765309685983
-10.005382197716,2.4319369956353,0.777639599098442
8.97237848349226,-3.09560442720584,0.777339115746391
4.63132204885031,7.99191865249225,0.776917168846674
-2.22474144423772,-0.868364593941794,0.776749898372277
-8.55850716422939,4.15162384890513,0.776127133641984
3.94023294193676,2.39941678207811,0.776075226465279
7.4416386146703,2.52740421290332,0.77456651812914
-1.9631332722467,1.05490906037096,0.774200910153777
4.85605210134035,2.81243712348436,0.773342606905899
3.9569651033534,3.22220347641104,0.773033607440554
3.52219669960464,5.4376600528657,0.770766259855723
-6.11735142095756,-6.19180894221043,0.770489112538826
0.623038254419113,2.21085919147268,0.766222744776159
4.08197598256143,1.16854092796244,0.765202951299377
7.10094052788028,3.60645947107556,0.764757187060457
3.48018307221222,5.21369217771321,0.763798142483384
-5.28916612979734,3.16912591932517,0.762607723717512
4.8787250477412,3.10300039089743,0.761979325553044
6.53370575478767,2.71957062547508,0.761777301268115
-1.66663311693132,10.5166408622848,0.760605868112431
1.81669685343351,3.68478542888178,0.760335605023664
6.60533254451362,4.36966553324262,0.758355445301989
4.41048626877248,6.36474611509525,0.758191883162628
1.20030634391397,-2.45801420700199,0.758020878190825
-1.28604260702918,-3.77834816729236,0.757683892524012
-8.02945327284023,4.49700523532921,0.755421527426164
2.31804552708877,2.94524993685502,0.755349644034216
1.82788024911989,7.77422852520656,0.754860694772162
5.41487130365277,4.49947218271515,0.754302342984861
2.73787800632315,0.0416670318062334,0.754020041924406
0.155753071592912,-3.96642464914362,0.753004244725911
7.70707013797634,-5.67776754265526,0.751180560219979
7.87461032022161,3.52662817569798,0.749263768697327
1.5121825079709,-7.48218860102473,0.74925619750833
8.92123360201781,-1.41154995083386,0.748405043862252
-6.60354042181174,0.407559964112005,0.747645359719902
3.63794545846369,-1.22751226301145,0.74719747132135
8.1267426597944,-5.07034570869563,0.74639021265831
5.27130406243829,-6.22564840663981,0.745292003616882
6.94554444747947,-0.171838633548363,0.744978367674252
-2.29511175459226,-2.18280905474766,0.744720392703358
-9.21837063698612,-0.737628637993988,0.743669166915688
-1.82554719526876,-4.99970772665634,0.743521024361679
3.84713385500417,0.532814433067363,0.742756939666586
-9.04249936898129,-0.931964909728627,0.742320460547469
0.651213715791072,2.71980960573676,0.739834150438793
0.0455452383815657,-10.2677568926029,0.739736836546448
9.48467828195406,-0.982442573550744,0.739611432842979
1.84569788365994,-0.0546645528636296,0.739202609257985
-4.15472224585768,-8.88184211414894,0.739131012986924
4.93899012771692,-7.27350223029865,0.73806282071029
4.88487706482112,0.611458441992539,0.737268945791492
3.16269961671042,4.31890776207179,0.735989172371536
7.89099262302898,-6.04422292182791,0.735151995644328
-8.61364874834218,3.07350151979212,0.734897498532327
-1.78319688079299,-5.00898731067388,0.733851024457162
4.04924754277301,-4.9925569515209,0.733137226561334
1.32243762826454,-7.50411365615743,0.731161463800069
-3.615770921971,3.83933229630865,0.730667795791272
2.79582312569729,5.29245263649384,0.73013678136666
-4.7788272603567,4.54580051476166,0.729612901806656
4.74064746526585,0.0381275942484187,0.727508194761817
2.23649079013431,-0.320261357688953,0.726555925408956
3.8883824539245,2.70757713799674,0.725164296284475
5.09099929546102,1.14998321592675,0.723990239783429
5.13965108815327,0.321982699564311,0.72018391565367
-2.63955692738444,2.66629267239911,0.71995820756065
4.288518461834,1.66760429034453,0.719422055423386
5.3529600502296,-1.2336676245685,0.715015400459196
6.44538271631998,3.38234297207281,0.713409678229595
11.0577081885502,1.79117283926969,0.71182432004761
4.17757005153125,2.5752702986101,0.711815317706195
3.63030351422685,5.7339357762905,0.711536611157335
-6.10760608145603,6.81435819015974,0.711464077278197
-3.29759575645131,6.91672421565621,0.710393686542081
1.02114204969442,3.23305175775995,0.710303016847507
-2.30648408541056,-4.68294918632223,0.708752030490169
-3.27737579931029,5.526338443173,0.708440628620761
-5.12165631535353,4.95434536998056,0.708222254807154
3.46176036431474,0.228382079921166,0.7072113869092
5.3443620702143,0.867347235275747,0.705977179129183
3.05227205916766,0.729878330988545,0.705939384377176
3.59746426531703,2.42082366376363,0.705566362545951
4.49116764207596,0.455415067906842,0.703837406707294
-1.02655521785357,7.81527889423015,0.703291541949187
6.26821466689652,3.48966153779087,0.70323891045076
4.98217705844772,3.37451730772639,0.702556765494672
3.39632250587168,-1.36021442077967,0.701203108054648
8.47509791855418,-1.21816272560936,0.700887830933394
3.96353902091017,-1.15583780192037,0.700795821164778
7.30026162318441,2.151683742249,0.700380539554763
5.01661066318613,0.91920183992108,0.700138862374241
-1.96116657142759,0.403973383625676,0.699967002473161
-7.98344932421727,2.23435171843109,0.699208471278961
-2.9696545172794,3.22444308857576,0.699123063862564
2.21227951886403,-5.26535280869295,0.698620748356404
0.698194862622969,-7.87209774782814,0.698509654592256
5.52209495280558,1.58741949501409,0.698412530797068
-1.30331977417889,-6.40224135992963,0.698019649917815
4.11653115005107,1.56931294345609,0.697923110598468
-0.911777386121903,-5.2525103169036,0.696771768020354
5.28150965308991,4.20763317144057,0.69644174143952
-4.87200852798506,-4.50907566725415,0.695970144184412
-6.06587562140634,-5.90696643892941,0.695157735406122
6.70478563014872,0.848944234124866,0.694852326897645
-0.356424980255945,-3.41009423471742,0.694681875536418
-4.95610938096362,-5.95856179194811,0.694007806469816
-7.7128239296738,-4.31224798674721,0.691864582865405
-8.31282153818228,-1.25600560332555,0.691637854356512
-2.61840669099841,-4.86097808153408,0.691586984939259
-7.38211973797173,-6.15372352016739,0.691212747601884
1.60522156070486,-1.31672709993224,0.689357690216853
4.44653154761979,-6.14029815100824,0.689062320093912
-2.10519169605691,1.92227453792733,0.688807528747718
4.14665009953897,2.41876676574077,0.688450464732325
-0.828604741280514,4.21583729391019,0.687866287160202
0.671994030636756,-4.59639589999058,0.686356272734286
4.65810584118657,0.233845795905007,0.685724473818439
2.89976925737973,1.19342112567279,0.685602239208337
-3.49354815167561,10.9454710100086,0.685503580711824
6.02577135337233,3.20221333353854,0.684736786486723
6.51730024833015,2.407881368917,0.682865609637374
-1.25705380318116,4.38936751742137,0.682035084896672
5.90102141745704,4.04169337733599,0.680933758911172
2.02833383490047,0.848102453339061,0.680821881061451
-0.263242866702193,-3.32303112474405,0.679168851781185
-0.904268166780406,-2.12856863428769,0.675836207122607
-4.59815496889545,0.079580777403253,0.674970768372636
6.6634504392427,-5.24319216306487,0.674346920277973
1.74567313349592,-6.90145261845801,0.673497642936511
4.32587931252352,0.311545638306775,0.673004823173224
-2.2610822507955,-3.53216911409549,0.67252111960803
-1.80220173327607,0.526498706445418,0.672326092054257
4.20424755359597,6.37704185786155,0.671418611038327
-6.49929317958372,-3.40814665377448,0.670875277995648
-0.155479317576251,-2.49705855292986,0.670428351583888
-6.49309258559668,7.14670688081594,0.669695904270229
5.47992085062224,2.20064901686956,0.669459282111515
-2.65914217761152,0.423710003936119,0.668407422614753
1.67941466803338,-1.0705656124128,0.668275257652667
-8.09325000079274,-4.17612377671896,0.667714202448896
7.87080140397202,-0.248544141370627,0.666334171177922
-7.50453521076494,6.46843495352426,0.666311710787257
9.10408539585032,-3.57601315643124,0.665965702357994
8.28207617642545,4.54696089890016,0.665286374189747
-6.30769784741087,-6.96469223909181,0.665089878704503
3.50321600033619,5.98196838961325,0.664934805726528
-10.7989708171814,-1.93111105195643,0.664366273344325
10.1565900619114,1.14656055062362,0.660599177608006
3.08404050562107,1.76447195209832,0.660184673879872
6.67342015301162,2.02037991451355,0.660035239806284
5.21737383263398,7.91322283527176,0.659827945091327
5.33642075039558,6.14531055860179,0.65836965221735
-5.98601836430971,0.466504380902906,0.65767885983379
-7.85515395804694,-6.44008942291795,0.657532333003702
7.18844967336103,6.78457446441369,0.657112784116784
7.01339325441456,8.47876702378933,0.656134428598592
-0.760505197830438,11.3521073064691,0.655153052543338
-0.346636036404395,-3.93484305146578,0.654502971939253
1.01889768339418,-1.63560813684458,0.653619540130362
4.33931855455528,4.88553699399992,0.650957059988901
7.24240749653441,5.66750818144199,0.650865830326091
-5.95256233356661,9.30813855121638,0.650484786997774
5.31813870073502,0.420292002936163,0.650255043284037
-1.113952864614,2.19034318632491,0.649409715326072
0.555076032980794,9.06008348632352,0.647930280832694
6.79472730027064,4.29912930074324,0.647880544922589
0.752261555601346,-2.00310836020376,0.647576730111177
-1.67672591914384,9.26559807019357,0.646986632291866
0.270446598694414,-8.6027592543032,0.646878027084882
6.2343884325983,-0.2369193747759,0.646486737587445
7.99108840423571,6.3721158034257,0.645871086366262
-4.94949499118189,-4.60259872512124,0.645851455192017
5.62452881821328,1.7237784841492,0.645840168081251
-10.0193132075128,1.79018439704299,0.645378460495965
2.3530510117513,-0.987622734238145,0.645274577067179
8.74856525001285,-5.2513697736589,0.644294385625376
4.59460679733715,3.66535703314609,0.643975139447443
4.95857224426779,2.48474743100948,0.643256719715507
-2.0984360375966,1.42025334886053,0.642467037831069
-6.4112586478487,0.434763301859352,0.640540052167853
0.0178646488154118,-2.04008661283948,0.639554739694712
-8.056502200003,-2.82750325259551,0.635529734217948
-0.850860164587801,9.6703628304108,0.634199431349816
1.77410571547571,-1.26819775755386,0.632025751719405
4.24745125823583,3.75225944003342,0.63138596891498
5.84932491109662,2.35673710313583,0.631381723597459
0.57465392592814,-2.55010945680705,0.630442542742676
1.60578419943312,0.243561168216397,0.630425485594772
4.79467637271011,-6.12750247916708,0.629902522262638
0.806637707918921,-2.26290002384298,0.629889384918669
1.08727136624948,1.20184312488491,0.627900383238647
3.39003592272362,1.42431337398981,0.627815009837863
6.16758792606729,1.27540889245104,0.627683819980791
4.62223916784837,2.19635347872829,0.626499325979285
4.59688420136056,1.30785224544084,0.625090058809939
-1.6237194602963,1.7528507454923,0.624336666238469
-1.40960036720817,-2.52358677506315,0.624232101076141
-1.30872041760066,-6.91147790579713,0.623732900456675
-1.23073981878885,-1.75432403804319,0.623281170668426
8.188891180575,2.3300091199851,0.622903874819263
-1.56311390228854,-0.312651570877516,0.622738725836018
0.668474197669099,1.75671218862427,0.622432836228977
6.45103662570002,3.98991724070624,0.621838757643325
-1.4275406581422,0.839354526036853,0.621556439023374
1.22731722112803,0.983333515897427,0.621224891585653
6.66146633538232,2.77189912833457,0.616491428265489
6.6324315178929,2.34649096718565,0.616256557430803
-6.04563435143793,-1.09609772695596,0.615419934479415
-1.64994568819131,-1.94840576615535,0.614874910633268
-1.87755568091184,-1.39536601928685,0.61486014752597
1.68631966543585,0.345846987217027,0.614310616132744
-2.31586022980827,5.8381907160743,0.613977488700079
4.75347769076619,1.313991315605,0.61139646213943
2.34970384894258,4.25020271702589,0.61133233405205
-0.684505294810839,2.51809102688435,0.611296577878662
-4.85347640044578,2.39337405192083,0.610307031164825
4.27256091619854,2.26100544490364,0.61021054235796
7.02119713114148,0.397268955457857,0.609820231404918
1.46621812296588,1.28717974320116,0.60886738561285
4.65015482075731,0.861038069145151,0.608159111007944
2.24214296883868,1.84463726566576,0.60732520056548
-1.29275400808322,1.55428485159422,0.605712420987617
-0.760108254632751,-9.24307251433518,0.605529651179442
-2.38905850797351,-8.25949949934571,0.603899907294363
8.52956695671364,1.07979437298028,0.603495181640116
4.58670071381331,0.895973164266045,0.600281656545377
4.16105963847345,2.32956960470214,0.599060097038546
1.31761031354952,1.61468527921462,0.598038682523802
5.33889127664442,2.53996058534856,0.59645932504404
5.45609593444453,2.87094644009209,0.595030093111491
5.41523640612318,2.92484103217893,0.593939924526181
1.52855330084452,0.890475959592924,0.593280652524257
-1.76677692881192,0.196204335737175,0.592621180571494
1.89680277964997,1.71278108025944,0.592155867230768
1.41234613709344,-0.640502493643589,0.590756832041062
-0.959853991075354,-1.6822787757492,0.590131045981279
1.45749766411511,0.495121943037032,0.588376145614894
7.67501601864845,1.31421187780301,0.587613630479159
-0.464364377661415,1.71507956033036,0.586785590746938
7.4214774742105,2.86262047623861,0.586566818700321
6.37980950873799,4.73912716121015,0.586302957397275
2.88448425384436,2.20512023831731,0.585240998118214
-7.56934616146745,1.92321036079041,0.585239878856584
-4.47582648766952,0.13472075287554,0.579538723842856
-0.832557242050064,1.22274491890575,0.578093361961726
5.47031735554489,-0.0400904563302893,0.574743145147023
-1.70404116179801,0.390173682960968,0.572601003084906
7.22424982933763,0.922034991246684,0.571704725124643
-1.85840247136739,0.922777976371535,0.566932650894212
5.4204587133773,3.22248314108938,0.566924949863592
1.36082362304074,-0.713245670323997,0.564652541629741
4.91899788487634,5.02887415662227,0.56072332314089
-1.3278269459979,0.623062309185486,0.558252964409338
-1.30721611904168,-1.38720222260871,0.553820521408928
-1.42698100976788,-0.480271519225657,0.552835302099143
-0.54215196436381,-2.53980320430077,0.549895527383412
1.96193432720722,8.37645020339097,0.547998651640753
-1.20940002608592,-1.31305455756933,0.54784972646001
2.05540994721396,1.35782930757123,0.547742771882503
1.59254438840815,-0.327696801377003,0.546422382880926
5.54983274210519,1.38435997624335,0.546222479363718
-1.98572615521339,-1.31593931748347,0.535274808229742
1.35251803615458,0.105513747022513,0.535213974264952
2.34298399409443,0.780835629963928,0.53431188384435
0.187841767498291,1.96782756214008,0.53108751422264
-0.870700085325825,-2.18192735488813,0.529353318342857
8.05740798561349,-2.28109405885025,0.52915550088979
4.33348155004156,2.49250835060784,0.528889731422412
1.58631632855665,-0.0808232501033513,0.52683377997297
-0.708848964326096,-2.0730789042446,0.526017646903545
4.39080373983285,1.32144137451613,0.522948332763075
-0.337685481268378,2.11781088811361,0.522205263360903
6.21969828188223,2.17434890495219,0.521212976426238
1.19879295879679,0.993038353848412,0.518065289088025
1.50356101357062,-0.506031599737273,0.515359968946629
-1.15062683937619,-1.69759343304023,0.514198110422418
2.11180230399587,-0.0550300831391586,0.51112655642881
0.400848655976131,-1.93907567460727,0.510514333908232
3.98510906687124,1.28373094859393,0.50985476214627
1.49914872326138,-0.371303773944703,0.503854038887289
-2.18747419398015,-0.403247185243142,0.500735731032606
-1.61653867757129,-0.0533382758181142,0.495913170759947
1.17820820864315,1.7668750944449,0.490978994091379
-0.38545803864221,2.14697761313973,0.490536931542634
-1.37210686893324,-0.646996166198963,0.487300522223434
1.36078318109225,0.210160977539989,0.483114919974645
1.33241296826862,-0.357660520413607,0.480102416633036
-2.18447050438752,-1.33887318315056,0.479370511107108
-1.20101402456711,0.260615008795217,0.479099967023993
0.752609591332684,1.0787488647287,0.477348032299973
0.782095284779321,1.25785531589888,0.472789686914144
1.39839860789129,2.06298672404772,0.468637576946099
1.88050792541878,0.231824826817526,0.466415725842488
0.1054528087919,-1.63375168997419,0.464544113144397
-1.60268848688751,-0.88924190785424,0.460272197891312
0.397339886546765,2.02123946735614,0.460150284873857
1.2359850792598,-0.827656809275683,0.460110367129334
0.995019909218145,1.05882871928853,0.459430712658595
1.45937746139762,0.317767448015549,0.457944657979173
-1.15912900660218,-0.813164533382138,0.454155619463059
-1.0208668022722,0.650885974216521,0.45349528147397
0.818544856212333,-1.4322826437854,0.453105211427361
1.44438983512063,0.0107432788497544,0.451170923948705
1.39514581655853,0.688081589539467,0.451087664513559
1.123507050285,-0.820595644707683,0.4418281103327
1.35218484674535,0.166333331535721,0.441038099151916
-0.281583281057393,-1.61014181698144,0.440638598726585
-0.468095426609325,1.59884594793005,0.436984978053004
1.63362786940662,-0.932730243700145,0.436025799958012
0.652300087499323,-1.85352036260793,0.435354291976373
1.26390083726455,0.187688241523078,0.434152734277823
-1.32904909809475,0.560045254397711,0.43044149397854
-0.846354069209333,1.88200068602838,0.429088704954704
-1.46354337105476,0.65470892767842,0.426867774854001
1.22898993541056,0.449765846789081,0.425974724935929
-0.686858099421926,1.38464929008863,0.419918302229899
1.14057618098251,0.0855244716120541,0.414774029554528
0.693642756030842,1.18355170601473,0.41477024567685
1.13977001169603,-0.0607990720926019,0.409307346563989
1.65756331186146,1.14935807484015,0.407673224787921
1.6995236360849,1.10409767305214,0.402873969275882
1.10874224516883,-0.0532028426624639,0.402097458588019
4.63556098754858,2.10844333504238,0.401945404092052
-1.10219425155964,1.05604708417598,0.397797526920456
-1.1871928653869,-0.316515749072618,0.393714679316108
1.1569837896322,-0.243978661570348,0.389432659726469
-1.30078794618551,0.811912291202396,0.388890882010963
1.25824547046596,-0.138056302992056,0.386617295516059
-0.136598471144695,-1.73911629838935,0.384070968544236
1.16231118717205,-0.177737191080152,0.382795364081904
-1.27972661806985,0.0600851988243329,0.381778923947965
0.415702195110135,1.07347095352204,0.376933080246484
1.39902426364815,1.12178786449474,0.375939903424139
0.784607542469916,0.793770484131483,0.370161685785258
1.13304798381247,-0.783331979505392,0.365875393234797
0.615001315482997,1.60660389126363,0.364723517135082
1.39828392427623,0.644067157384045,0.363564178335169
0.466267225647321,1.14573032852603,0.363480023463811
-0.772584460000208,-1.60804213090426,0.357843233029088
0.372257784362487,1.28056558063121,0.353326446791916
0.986889031891679,-0.877500006369001,0.352351823366639
0.606931840665015,1.0939499250161,0.350792816782805
-0.305630264482863,-1.3177084430982,0.34782788798232
0.999793835128467,-0.578693836258523,0.347598215977908
0.859467483958823,-0.903185431160622,0.344255136996204
-1.21821467594869,0.984789075676412,0.343964554814775
1.12365498216106,-0.0749669880041608,0.343784446214493
-0.226046691109497,-1.32211277014267,0.342845804336282
-1.17079306712711,-0.0979507149839841,0.342348992405881
0.624961062560297,0.829799397861514,0.336746921455854
-0.626024722796411,-1.19278321840813,0.3365539420761
1.32886293243602,-0.225839053716128,0.336066193801711
1.29127134931743,0.344385807409659,0.335408579970101
1.03947079596317,-0.600515259570434,0.332530618668752
-0.454204559795637,-1.32661078870303,0.326693517153139
-0.32803207450352,1.17609676916832,0.326174441020637
-0.82885584602476,0.613483153438488,0.324435589242096
0.964649760047252,-0.0352072289529117,0.324028679982688
-0.175929531331599,-1.61150322712926,0.323479765271212
-0.694651831789291,1.04126615877771,0.317610743806338
-1.0503539034991,0.16780797048549,0.314620319204748
-0.57232645801587,0.997808803256104,0.313758774070507
0.832918360973517,0.577142983049078,0.311520054050771
-0.540804517902797,-1.20598931158529,0.311396181917595
-1.05704558709391,0.834644216160902,0.309966923032923
-0.0326706893197598,1.13750213938039,0.308541569482948
0.987031934268002,0.632463634675237,0.308207272327813
-1.01543997776459,0.922966564212363,0.308080833456129
0.179450950351203,-1.20164117870812,0.306058091008216
0.296338634116447,-1.00177360014821,0.301188453740656
0.285071609241624,1.17275501369745,0.300984614984469
-1.00467988835544,-0.596599104995561,0.30059172900683
0.188572717398313,0.852517563343146,0.300026462251099
-0.363960969065075,-1.10199304555066,0.292100217257034
1.09159138124191,-0.237099434244061,0.29144388973238
0.236698548446726,-1.02968537221065,0.289685988191016
-1.04134468895811,0.321896954210735,0.288482655022151
-0.689974157223774,1.25651959490396,0.287636803944595
-0.897767264129256,-0.887161935224136,0.287095031551899
0.0391882081182019,1.43665695910227,0.286591254354286
1.2115857868437,0.681878604506369,0.286176987448362
-0.187556486605689,1.11142431209484,0.284506344928231
0.837505213325403,-0.527519153908056,0.284461331019184
0.638827310709191,-1.07642038406686,0.284168573929236
-0.818801670998368,-1.04100421832351,0.283995680950664
0.493119350438132,1.02183882523632,0.282999706671013
-1.0862571059843,0.0281696657716316,0.281099509077995
1.00287714813805,0.273593479981479,0.28047019737339
-0.97880661514472,-0.338779963621499,0.279535873047099
-0.944975711025527,0.0578395085120386,0.278721411735933
-1.12591439430877,-0.237727470168507,0.278309768435706
1.12348337872014,0.0140897672457323,0.277379982092851
0.696742388822645,0.597550330134797,0.275425458924796
0.942084153072635,0.473692650508437,0.27537178539021
-0.827032540003024,0.755639156823652,0.274421287147302
-0.958875033330129,0.458340745014291,0.273167399318203
-0.320038226551788,1.07506830794809,0.26971950839101
0.848164208756919,0.534274427310051,0.269714124274334
0.866568834195908,-0.164225897443325,0.268567177595635
0.0892460778056124,0.997818511159114,0.267696547506965
0.41373510398963,1.03185233200566,0.266842895430092
-1.07781361353514,-0.642133696339602,0.266644941236428
0.877441401221877,0.887625647389851,0.266176874632942
-1.10836484294933,0.0605301521916819,0.266127616144472
0.599126345203113,0.777370294799893,0.264763109618948
-0.298826453935232,1.1552438265068,0.26461264383793
0.867369471837183,0.964709126051977,0.263781063566322
0.732198439100801,0.796045385839644,0.261161035688841
0.829656155762102,-0.281628273380385,0.259234540755797
-0.8126734931083,0.476349733669175,0.258997423980824
1.78416358918341,0.464532092206822,0.256591432767273
0.117757818956776,-1.4646265183119,0.256350240458747
0.349897860694925,0.976857357684078,0.254832967150763
-0.460518005939812,-0.887188630048089,0.254049666194139
-0.260104201634082,1.07260878118649,0.253329494322482
-1.17685628363559,0.080446152923394,0.250573216262345
0.803368456336207,-0.128885214825301,0.25016058094617
0.910490403468466,0.234674178684087,0.249037857426422
-0.88411591995146,0.101872788386323,0.247092935102825
0.994046116864853,-0.350490278675694,0.246851827625582
0.506787913058302,-1.39188356504424,0.246306636762071
0.666086655170115,0.526095406332831,0.246145916161825
0.75630106665794,-1.06619103784671,0.244700272953918
-0.519449428652718,-1.40069019456134,0.243950450025339
0.776220603074185,-0.0660295624484812,0.243257752119556
-1.0387116885806,0.220055435619426,0.24265589841831
0.772358916573652,-1.01017164726533,0.239866755080495
-0.94193728848118,-0.684607045200838,0.238638063728864
-1.13491205309497,-0.530902677540362,0.238523612700851
-0.702390813347433,0.864968625819475,0.23786347839811
-0.76920810437716,-0.899017196538819,0.2352964103638
0.112401327714747,1.07596802568439,0.232632136831992
0.341120952628779,1.05346689055752,0.231455141612604
0.902435917454635,0.560152656031972,0.230670628826617
0.952564718803991,-1.15545405625022,0.228503328804498
0.122765987341233,0.99563815404442,0.228041501004654
-0.801518558619022,0.364917092006603,0.227838921089556
0.708397787491928,0.255330362818283,0.227694598898258
-1.15914457944693,0.24557714479314,0.225765827505638
-1.00629597506169,-0.702809015492879,0.224485336492831
1.06373133066779,0.253927223078757,0.222310020788632
0.811213517820482,0.182223668727746,0.220629704455394
-0.553386065419024,-0.780692296156654,0.220461635050489
0.565787532307081,-0.640935760065035,0.21984488452499
0.817582022721299,-0.137106653929467,0.219598972665601
0.03541068096477,-1.12140604738837,0.219545769175111
0.934359834801081,-0.738269501561186,0.219377827611154
0.449286426453204,-0.832188842448456,0.217591858741555
-0.533639067576485,0.995597769571587,0.216772431125834
0.228659931664194,1.44087608736165,0.215980683155467
0.373005462294322,0.834112278677061,0.215330891281332
-0.104846668268646,1.12315967308405,0.213884087688918
0.904318483458951,0.692847690480909,0.21287447233741
0.789287410869849,-0.15622000621969,0.210341049579021
0.247737528743673,-1.13154716431794,0.209742745673388
-0.665577765323784,0.617571670701224,0.207136699315021
-0.236989653209559,1.12042849623908,0.206772965624278
-0.129927460544992,-0.766563881380901,0.206533097370466
0.916311702370698,0.470206316914428,0.204904627979542
0.878337617639375,0.31812151270895,0.203889113802
0.393010107141414,-1.11708515606097,0.203804125207132
0.437947677215731,0.834968808806234,0.201331320074623
0.24135932422066,0.958262012277621,0.200909608285487
0.293805088244773,-0.847609929742627,0.19829467393312
0.755388573391955,-0.2587684053064,0.198014161731376
0.71233541017289,-0.405934214536796,0.197954749898749
-0.313984474501233,1.23324636640646,0.196456243237051
-0.137286181587602,-0.932428101367927,0.19642367698206
-0.933337374537605,-0.0836628349423985,0.196335274973201
0.929244647729694,-0.137250679214889,0.194629940558608
0.640056324172255,-0.671700831868499,0.194435904809598
0.999791229749094,0.216037713364193,0.193815908266947
-0.887454763435734,0.563883938626486,0.193800318225627
-0.621226723371262,0.633006396202933,0.193472834137218
0.730433781846044,0.652207202233184,0.190072142496603
0.710933900721557,-0.134379410065385,0.188668347560617
0.230689032384556,0.846624523913258,0.188557726835821
0.663175267147439,-0.222936348889344,0.188309892274243
0.197642725981461,-0.881761717893296,0.188069209711217
1.05597292227401,0.202762303980236,0.186800774469036
0.40950211015705,-1.00381727654107,0.18623598503076
0.826054513719413,-0.421574123621157,0.184887171649318
-0.537987269221154,0.664345488726745,0.183387191630699
0.480398070753015,-0.743908760627876,0.181864827748282
0.79258067242634,-0.136528983349112,0.181473502860961
-0.704774967109663,0.354917750554729,0.180683133198088
-0.771352515201021,-0.302204018702542,0.180295749259959
0.714915554605284,0.445333477037075,0.172016812137757
0.568037784662062,0.730077322367704,0.170018513640194
0.675511070725491,-0.347369044243966,0.169841576184238
0.580453127750741,0.609864123353116,0.169205107514108
0.11673787506841,-0.903778161449434,0.16899035017642
-0.814686759148569,0.0121459893163215,0.166888415813908
0.328625066665544,-0.713433512684501,0.166382301228144
-0.18670388237383,-0.833724049688174,0.166265457087601
0.675895769990529,-0.185030284069188,0.166068513489233
0.713118565022719,0.0865909520580993,0.165751290964929
-0.766466911358921,0.571048397152741,0.165389522462883
0.688627499648865,-0.525549387035023,0.165174864786022
-0.0208976671720615,-0.947057085145633,0.163715528893815
0.805378752361752,-0.0644261986623563,0.162231219803127
0.861396480112319,0.232495513914009,0.161824406265296
-0.698737893280118,-0.139063415637484,0.160808086345096
0.553736861951678,-0.746169584490489,0.160706440933243
0.603982666197228,-0.221909828079898,0.16012508692973
-1.09161230117118,-0.400235027763217,0.159941625619302
-0.811439597966382,0.124222222962581,0.159760544337107
-0.609629955645751,0.327608034452648,0.159107795710373
0.400567526748937,-0.785588153509842,0.158960664399665
0.352213184591358,0.773525370458436,0.158694154445209
0.594993638052995,-0.508598905320861,0.157764398836978
-0.00263682672056983,-0.768788015163041,0.157657452527884
0.107487615991754,0.725748431582316,0.157607614897777
-0.846567739182772,0.0790544948238596,0.157603068852257
-0.611082804862102,-0.497574999417073,0.157168392570515
-0.620823563045724,0.513076707534379,0.157021783470619
0.785548373079153,0.14378719059632,0.156641570461174
0.367492269815085,-0.884882233535726,0.156520849038422
-0.862536917541577,0.171692164515586,0.155278182112038
0.657328139165268,0.25998720813186,0.153806665707129
0.187499755524507,-0.912643946089351,0.153630192752111
0.640074337842032,0.24309108530299,0.153575251286324
0.475477319588537,-0.515895308920026,0.15344655044401
-0.883832921945299,0.080949695351661,0.153295964257469
-0.479461079343812,-0.831126752203507,0.152092355561399
0.506805929847221,0.144545785975765,0.151696537203076
-0.748701085312817,0.206868196568654,0.150719293202325
0.358290318203644,0.613245961013171,0.15071771412728
0.568771767813032,0.144409078988575,0.150406504338936
0.618542439641928,0.0202465904204052,0.149590346605695
-0.661082963067746,0.474815257625307,0.149076337487375
-0.683952823526775,0.185947816988453,0.148808824950677
-0.585035629734958,0.434693282841132,0.148539853972559
0.343619135873086,-1.19345365578663,0.148445591105924
-0.240922581913075,-0.860645557410589,0.148220234673052
0.224194024729153,-1.46495637506845,0.147577577759238
0.281316102020913,0.901161517998991,0.146758732179275
-0.385943720601984,1.21058337878635,0.146720580619711
-0.401011572055624,0.628787746117668,0.145303012506193
-0.566967124404698,0.300141341925992,0.145234946242188
0.534686898548713,0.422490872360336,0.14375300323291
-0.595489982970836,0.48856520636018,0.143586182358915
0.122041274084585,-0.621868418873665,0.142867710237682
0.477178690030881,-0.48105664041777,0.142256432197848
0.604353935657219,0.0563391857417137,0.141009169291201
0.717692380902918,0.337969581697787,0.140895474595836
0.642458627491053,-0.000899979526861121,0.140773161089417
-0.532767446553526,0.318633528691539,0.137738468647757
-0.503017662223666,0.669210678491202,0.13664954737474
0.826227122728212,0.384261233012415,0.136546618692606
0.350691874937819,-0.381270970413313,0.135647916267648
0.489765311914245,0.160108234186177,0.134701307782586
0.326974517042841,-0.697508629390935,0.134298237098139
-0.273843305953017,-0.804178031773982,0.134048886443891
-0.562922167316791,-0.595909939538192,0.133089176821653
0.412914706667034,0.637515859195976,0.133074275276133
-0.446905922414337,0.550297713879658,0.1321705875775
0.868057102310181,-0.745528632106742,0.131738021712533
0.568348833229684,-0.430219457623366,0.131118728268803
-0.105110725065548,-1.03823141005502,0.130880410007708
0.787660448866218,0.354904590994432,0.130662127082649
-0.162913544252758,0.877953659142426,0.130398438357438
0.371477590026296,-0.534035303978759,0.130207286024871
-0.672141677949254,0.0212121831251783,0.130016089352615
-0.388084883847158,-0.83719929541612,0.129131692856443
0.501398971260951,-0.387239525462192,0.129081085725376
-0.121096347487247,1.01457511254623,0.128795222648296
0.73775464047852,0.185960664132903,0.127924278208274
0.504210045284587,0.362149815495862,0.127816919816729
1.56538919857474,-0.113930125681862,0.12765087369611
0.193100629005637,0.588718557885004,0.126759812008296
0.0565169637738673,-0.710206089274047,0.126679495605948
0.635864757386676,-0.980310997985715,0.126261891701561
0.526307794128452,-0.38532629222783,0.12621231659434
0.627322292249299,0.322579189213167,0.125891740020198
-0.742436688221211,-0.219080663945378,0.125718612606296
0.528977263983843,-0.244999872813072,0.124713115987197
0.0452291322050435,0.624977247167295,0.124433179573261
-0.366283841522298,0.995304785200742,0.124410982708472
0.705438406149446,-0.126354453664451,0.12412142707134
0.733800618427766,-0.764820001201046,0.124028545518068
0.2299561660642,0.765880212499003,0.123926811489861
-0.866592371670933,-0.244003933634927,0.123649357397836
-0.226165234239786,0.892984901609208,0.122486785464711
-0.343025322118035,0.537452499736886,0.121358656348269
-0.688712689009722,0.198055621309491,0.121263495822655
0.739472117291972,0.348914098199879,0.120642406870628
0.503103075263384,0.267394773602789,0.120577138114995
0.572115573915325,-0.241142802568887,0.12056051378773
0.57706769259245,0.155525518645412,0.119611237342272
-0.428089521104708,-0.540847801067798,0.119562592488732
0.480998295196292,0.456688604259307,0.118523390037563
0.48892065621867,-0.54873014641519,0.1178239766519
0.648563280054492,0.181920428562805,0.117815851964551
-0.737346253622864,0.0608511251431688,0.11741657636415
0.421756678520091,-0.612025747264334,0.117319135617304
-0.853204002495929,-0.349654082993218,0.117007279010779
0.555097382981075,0.414454053719227,0.116865868175768
-0.675899728370794,-0.485031337787526,0.115729750489736
-0.334345098505387,-0.747762422475979,0.115728784868363
-0.130059099988807,-0.70930022835537,0.115050036147038
0.546269045150456,0.101971158979294,0.11445879335526
-0.404675885523558,0.474730929427849,0.114391707487522
0.47273716696894,0.00548356323304624,0.114186197451375
-0.539543938191735,0.560805489981034,0.114183137508284
0.527816460206483,-0.0649072328876554,0.11418128609151
0.683290249216934,-0.51088393790231,0.112913457530214
0.548229936465218,-0.112436555939773,0.112602756588257
0.441829001750201,0.0538343491238336,0.112390301674857
0.319729102463255,0.510560608466167,0.112314213873886
0.467596266840424,0.347619533073991,0.111949405537984
-0.741569709498844,0.0984182488704176,0.111588461603759
0.0999073072794666,-0.878148395261743,0.11116191397231
-0.453705869508972,0.253978758716128,0.110865645701459
0.573514768653397,0.458095712320942,0.110350412001041
0.503920430363953,-0.333849764136429,0.110207373739916
-0.636138129328725,-0.476504976787969,0.110168186681192
-0.11418975908653,-0.827508437847321,0.109887563985779
0.514754658241559,-0.0309953205903776,0.109717506127125
-0.827282179723203,-0.347017556472821,0.109631942305036
-0.155656134328513,0.767700301803262,0.109088068786565
0.449862033134249,-0.125841435557384,0.109087242571253
0.442749817974531,0.173377661970026,0.107676913757208
-0.459810749397011,0.226763776054175,0.107602275192774
0.433632360683135,0.127847012963256,0.107572601613378
0.466880533726207,-0.0221194750333213,0.107039711958902
-0.289918684430111,-0.685629413676485,0.106815477454473
0.186942893022348,0.450658177951046,0.106779278241407
0.408270010311017,-0.571966594116855,0.106656014837187
-0.371269114950106,0.438776105905123,0.106544683346603
0.280867802479074,0.586211030853679,0.106455513240411
-0.77389569982306,-0.203457816059683,0.106173435106722
0.459316521131913,0.132292970857301,0.105755727541775
0.533208215924313,-0.663421704185621,0.105525464229922
0.44096319405226,0.0155364655152287,0.105195313525256
0.315808280602771,-0.401067852364299,0.105083289777112
-0.328910459979413,-0.621355941834453,0.104697033308463
-0.320002111679507,0.576846485266559,0.104332402416051
0.0785378865494137,0.667571306286506,0.104121458287707
0.564937028247135,-0.290570064428996,0.103785019466627
-0.0831729172703255,-0.63151468048012,0.103608804558512
-0.701892862029772,0.382280668632454,0.102630949288648
0.411819545467137,0.0324500880655179,0.10254815096256
-0.389381711948694,0.38984484831224,0.102108572044032
0.368613689650113,0.476502688035393,0.101855617111845
-0.127647311645305,0.775709381568361,0.101828102047348
0.48913817437491,-0.363982564411935,0.101388457354663
-0.394016440774332,0.383135654120693,0.101364044617079
0.112834715778496,-0.642820903786783,0.10097311617066
0.515410171940151,-0.272697899501593,0.100911189709145
0.330021451761925,0.426042083096641,0.100721569164149
-0.0949230081331478,-0.684233371688986,0.100553344770493
-0.425315477655925,0.445446623784336,0.100162148230382
0.212914357050543,0.532483766306565,0.100133019256546
-0.314172138250927,-0.62258869166803,0.100004495381566
0.269195909322714,0.645946233375426,0.0998235381572612
-0.0266934581779618,-0.816013585095408,0.0997357182840946
0.417732478020953,-0.386345928527145,0.0997270255730039
0.56207615054493,0.401044503414501,0.0995141514260755
-0.515071143681783,-0.513587889252637,0.0988017956583407
-0.468030227981751,0.38173975253496,0.0984110708781119
-0.522501919732156,-0.393643330665454,0.0983792346316283
0.142201868535268,0.692768954576561,0.0975331787059309
-0.610779428817669,-0.161366267456354,0.0973517824094516
0.042177599524883,-0.463700433385819,0.0967328949314634
-0.373162677026049,0.570607596355083,0.0958224595414767
0.471817551135523,0.300551766022782,0.0953562755935947
0.536193318424091,0.266032163435273,0.0949876531304827
0.34888351257603,-0.425309397303305,0.0943394375002592
-0.32306839011758,0.600560945660119,0.0942416541371838
-0.724810262829971,-0.256996687653334,0.0940956329039982
-0.376402367904438,-0.560878824471091,0.0937633730152883
-0.674322271080503,-0.117451225509435,0.0937001786184849
-0.699536253657126,0.269629255298417,0.0935178287627911
0.0202012930347165,0.569570232828352,0.0933645887108014
-0.498356052451158,0.368382688982552,0.0933549113809533
-0.402475536757417,0.343826465506739,0.0933542289451994
0.00574519049835727,-0.575086320477495,0.0932896511024529
0.074313588435062,0.683432347317449,0.0932028421322331
-0.109619959303698,0.740536993643576,0.0931712814322677
-0.472579971202894,-0.35790720052763,0.0930974319447355
-0.565617105697299,0.256429503723751,0.092992273750976
-0.0285231710680089,-0.472219654526158,0.0927819827505693
0.451933526336672,0.136708481383651,0.0926803663680757
0.0517467750783071,0.583689045843027,0.0923916028972252
0.279658640439196,0.571905648543493,0.0922046193321562
0.386111195884916,-0.235587129156553,0.0921194416328917
0.219026443824028,-0.426015630949738,0.0920634935608432
-0.464746360332384,-0.539012969691249,0.0919751720456241
0.407938056135414,0.145316646426805,0.0918982362603117
0.426238437180341,0.12015140840709,0.0918764836721159
0.143948381794707,-0.45002281439339,0.0914803017794943
-0.216990789911142,-0.68288679933686,0.0912900222255718
0.468192901764105,-0.272706183656177,0.0904586840385664
0.235628503844748,0.610853311569748,0.0903246842003557
-0.243502747754133,0.743891897901397,0.0902955831381764
0.437424833600988,-0.397304687690673,0.0901383071110615
0.326117821241202,-0.529127556219932,0.0896163734676591
-0.354703338676957,-0.487917553603562,0.089289238267158
0.262627326329638,-0.544975103261506,0.0890243205546413
0.239937612744636,-0.576498748577662,0.0890061444100119
-0.278442788983955,-0.546712967539702,0.088813463352395
-0.450545309357707,-0.310085027673151,0.0886204981927412
-0.731414768347026,-0.297976492949662,0.0884729162740995
-0.484227491026105,0.307153489229597,0.0879470404179347
-0.525518303765021,-0.276449121855052,0.0878932614411723
0.103504123946325,-0.598436410330172,0.0878331877501814
0.405408373123119,0.213369104319743,0.0874779997875871
0.545981057604047,-0.17019266662246,0.08742364298072
0.528802978251409,0.341454797804317,0.0873105107330295
-0.67616749593048,0.182485324310863,0.0872450157779645
0.194349183507991,0.511219259705867,0.0870951192223906
0.517842927062581,0.376536838744364,0.0867448264842941
-0.57171876842617,0.199042226021653,0.0866311046420531
-0.669364092170172,-0.343401602907815,0.085211519140242
-0.11515772706841,-0.661711670845289,0.0851411450236835
0.231763266621086,0.530654377115675,0.0849746554675332
0.154788723891653,0.541000602412215,0.0841388973881877
0.183341499426709,-0.481899830640259,0.0833035402926869
-0.609517085129005,-0.134675584763806,0.083299835997197
-0.700074030771843,-0.256496250593338,0.0826000643560268
0.516433097119902,0.0408607208394062,0.0823134281884439
-0.538232038953398,0.0679354880940388,0.0816728419857121
-0.553873776108499,-0.401697289399503,0.0813989347095614
0.0248889849260996,-0.613173487986229,0.0812167913940091
-0.629576739919188,0.176083422509046,0.0807425623549388
-0.626587098919772,0.185878564444724,0.0807033630459862
0.263696865123116,-0.476595651638148,0.0804481230230628
-0.468976499482977,-0.215834658783656,0.0801238294292275
-0.439932182860124,-0.297317415773209,0.0800530833010551
-0.297582756632633,0.676623434131792,0.0799882291429157
-0.539851426043042,-0.172833632029402,0.0798588634299969
0.0135827264118249,0.630826484730782,0.0797650068934253
0.539237911599242,0.0539019780192818,0.0796639983758802
0.399986436772913,-0.240247107363005,0.0794905331385479
-0.13886971481901,0.399636151201927,0.0791793396738458
-0.455237850572156,0.0589971673054172,0.0791191588317231
0.363899957466676,0.169034326162131,0.0789497729510456
-0.232209993732211,0.670908816982746,0.0788494790175515
0.410513943051734,0.198496063225141,0.0786817610816918
-0.396209249196141,-0.332858193125445,0.0785067460953759
-0.254821633318829,0.458697488352418,0.0784827633975595
-0.203340193127201,-0.589045297626386,0.0778515047300447
-0.0812300332778714,-0.63542779904163,0.0776969680164761
-0.21885091510208,0.459088712072587,0.0773295651365159
0.037594161565068,-0.481018862018553,0.0772426796494773
0.324995221266303,-0.201731128781907,0.0772275631269484
0.338117440299592,-0.0276636869132219,0.0770435763938212
0.397040993568412,-0.201380047033771,0.0768285547323959
-0.208714355351976,0.402925332403224,0.0767705753628585
0.226429336859988,-0.550597400705389,0.0767205954034683
-0.478190779911635,0.108389534960697,0.0764033758059409
0.460218303583548,-0.0310367111971332,0.0763989539062344
-0.424520159533116,0.273229790660603,0.0762773142210709
0.124924957794751,0.342186235006249,0.0759617818826602
0.260042344962124,0.541536644809232,0.0756446706592783
0.147856561279825,-0.464525543986239,0.0756429288894837
-0.338485110570555,-0.35510955065268,0.0755656527259427
0.44394862530233,0.0156368834645952,0.0754105856739884
0.193504888628989,0.525456353802137,0.07526186766455
-0.257748148650264,-0.44722643772313,0.0752463285184296
0.15417346772888,-0.578232583720607,0.07495346522746
-0.271179398393115,0.412847756352905,0.0749422596656719
-0.465839457570834,-0.0690401475679022,0.0744606552358719
0.262776557844753,0.389510304928827,0.0744177940429975
-0.227392218801876,-0.558824285910079,0.0743735824518648
-0.403265811708563,0.150805936909427,0.0741243667241616
-0.145003320452542,0.647518281141074,0.0739789491829959
-0.240270428822615,0.383258501408428,0.0738407267760062
0.381147896309973,-0.46128232076408,0.0733013481821361
0.359513991562514,-0.0121821704440944,0.0730243412695781
0.216707031532094,-0.393025565271385,0.0723751458340515
0.28550996475033,0.32027622318984,0.0719458765550554
-0.0824889893592333,0.623512926278561,0.0718866020898111
-0.299958890752043,-0.543421507468286,0.0716183677139468
0.275112783351481,-0.167054757059097,0.0713199201233072
0.318835087539519,-0.0172085908506423,0.0711536441783645
0.138168185452605,-0.412756420214742,0.0704649166088075
0.423160244106491,0.335783093782541,0.0703897274312041
0.321828682002993,0.436789496585118,0.0702825647709716
-0.228507165317727,0.613514918360893,0.0702173826334892
0.411832406583173,-0.0792809764167675,0.0699935740232527
0.280581520318756,0.408174899896097,0.0699265796308146
0.19089047528884,0.4655093730573,0.0699147701200424
0.270140808591333,-0.129981540998737,0.0696787559025244
-0.429274169569101,-0.327508656461629,0.0694797074690706
-0.557210879493307,0.0822323414311076,0.0693626203721765
-0.644200118421987,-0.240608014283872,0.0691786564700747
0.259727723771876,-0.272294837446982,0.0691519577600207
-0.438466927015103,-0.151545459442616,0.0691048944543996
-0.423064840855656,-0.379042162183364,0.0690542357321998
-0.173782026875436,0.398601279099412,0.0690386442584489
0.424827357893652,0.198695661016165,0.0689943036661937
0.329647130447327,0.335681523809858,0.0689415984202534
-0.387470675168742,-0.406581454718078,0.0689333263767891
-0.483658569787086,-0.158961991997097,0.068916285961006
0.503164017827092,-0.105865389419841,0.0684746072890101
0.307217013457459,-0.0240047151052799,0.068235578226353
0.342444039790372,0.101825667762794,0.0682105472546405
0.435285378196222,0.34718889006453,0.0680988002444015
0.347819478226875,-0.363501639933954,0.0677844371237158
0.32291868832996,-0.381281607840806,0.0677026772115064
-0.449914003538415,-0.134933448946166,0.0675654739131532
0.292888333180068,0.157093135623151,0.0673078167148998
0.193832978319346,-0.280073759892481,0.0671803138946344
0.411181634945044,0.102738457311632,0.06708159160812
-0.00761040321463178,-0.601567715561613,0.0667578627271846
0.318624326411046,-0.335763616665251,0.0666624515995326
-0.129879587867347,0.507727411546071,0.0665768529431768
-0.463719630017578,0.0821245556839332,0.0660229278324512
0.321151758804109,0.212330558693244,0.0660190063285351
-0.276514745895044,0.392875105933753,0.0657806776785335
0.331679321761521,0.123436817535474,0.0654227679074714
0.038723490097597,-0.55284486661321,0.0653065641682896
0.162250409596203,-0.385684405891322,0.0652169784118095
-0.194566511881548,0.370604438983786,0.0652018736752526
-0.245974120628224,-0.378533039453046,0.0651896220895748
0.313757731480127,0.0405866594502164,0.065065981376245
-0.363869707005365,-0.102166535244452,0.0648273053209437
-0.350694459352792,0.495874790802804,0.0642788536933723
0.329715723747343,-0.00245595248468676,0.0641349156061434
0.34842829869128,0.00836743673008867,0.0635943987274525
0.177263891817162,-0.451688312447966,0.0634038276930502
0.330186403712229,0.189123289662771,0.0632306488095218
-0.141156743857996,-0.557651589142459,0.0631367847002995
-0.461686155522763,-0.209326593924779,0.0631286311337489
0.352151951156881,-0.223629513166242,0.0629834988362503
0.165791057371276,-0.385776009766602,0.0629803204265282
-0.622152625709676,-0.163515015340473,0.0628505730040432
-0.0148875154072297,-0.523249440995746,0.0627511069705544
-0.013920053497149,0.415988987816205,0.0624171831657302
0.333690135943308,0.0769483418191685,0.062134908229599
-0.425865107725577,-0.19699261760488,0.0620945907446579
-0.365632010267325,0.0988699084025286,0.061879562078751
0.021343637907801,-0.379000817414071,0.0618640844776028
0.300603300154899,0.286444051171827,0.0614829893375801
-0.511807639225933,0.00586422941695185,0.0614763755144259
-0.294717072158912,0.366003425399224,0.0613042510874661
-0.0940218845200448,0.579729840837664,0.0609496340932901
0.0383019242446651,-0.499426240074591,0.0607532771693761
0.353505450407949,0.0753042340218801,0.0606050955279817
-0.505066877625526,-0.357085566999507,0.0599347958282112
-0.547902074382499,0.202048599203862,0.0598338920294613
-0.426798190791797,-0.035579657544025,0.0598036041744306
-0.585714215899949,-0.220376766019502,0.0595603845426134
-0.52974453589112,0.0854942852935918,0.0595300167270331
0.0711516896245834,-0.489281915064633,0.0594944181627172
0.253735732734917,0.330206061586561,0.0593413090238941
0.366544174883108,-0.347220015686969,0.0589756923618607
-0.124656256430634,0.526570616329893,0.0588606065770592
-0.189003879034113,-0.334148399612213,0.0585548770963537
-0.433651982258769,-0.17741168931777,0.0583891783968389
-0.406548641311196,-0.239768422595871,0.0583477242862084
-0.134649490495819,-0.428197695949506,0.058271664427641
-0.275855687512381,-0.3447434493425,0.0579490579631195
-0.19698772410206,-0.425315944583909,0.0579307676378156
-0.178799483557578,0.376893950321981,0.0577839699783572
-0.25464687263059,0.232085174029803,0.0576106597717007
0.35134970480899,0.0251198094898458,0.0576004685814311
0.417050137365051,0.263696781889755,0.0575235513017456
0.251188528037758,-0.0674485169358441,0.0575148009318536
-0.0335909529490808,0.437212675308599,0.0573881803604605
-0.538737725461077,-0.0505702926379305,0.0570911481872417
0.316265707686407,-0.0053631729701327,0.056839871092682
-0.235727254879834,0.381363935853245,0.0567547111992059
-0.437795717016446,-0.359079934106484,0.0561829019535995
-0.289242431444395,0.305864511836187,0.0557339722238919
-0.0566245563476657,0.352454675992645,0.0555288860370649
-0.408870409451842,-0.286235096300006,0.0553229566454529
-0.0850189399422203,-0.44094151931947,0.0553025851466315
0.222187401140623,0.221028766909363,0.0548853548125221
0.313784152180449,-0.0846569996770143,0.0547474501334711
0.178586500914932,-0.455043374808623,0.0547182377958188
-0.159603067647651,0.378691484899272,0.0544828660603537
-0.46232893940778,0.0189881868169991,0.0542504234505584
0.262396424293792,-0.00516604154339495,0.0541747149395359
-0.296609981658161,-0.297044926907932,0.0541597111532715
-0.257562159938736,0.262303064024777,0.054127079418311
0.326908816563087,0.164348851939817,0.0541163707720419
0.298713263142133,0.0575705617490721,0.0539051500913631
0.1415208247054,-0.351992432626309,0.0536661430433926
0.277677310749421,-0.052229675771514,0.0534176544066381
-0.20342190598144,0.462010238909924,0.0533778643140097
0.368420081171459,0.071584198646528,0.0531632477110818
0.27697812097235,-0.0875465229938095,0.0530900027094282
0.289890955251237,-0.0635621079725888,0.0530528995992685
-0.00588067858744399,0.342178660847285,0.0528611675810354
-0.199883163897621,-0.431674539629258,0.052854627264599
0.298470284842319,-0.230038477373106,0.0527582416511988
-0.497260662106418,-0.109139736721862,0.0525332044170185
0.283778002038343,-0.213779860024588,0.0521972313239162
0.107382109787708,-0.278899932078009,0.0520383144071892
0.0294178400642144,-0.425356205311112,0.05203299397081
0.287092373681635,-0.0893120773377347,0.0520007249641426
0.0712641740086586,-0.471596742791121,0.0516137179843419
-0.328430033807306,-0.118925523223854,0.0516008450455341
0.322002933680899,0.352080420462946,0.0515657830144967
0.340220841594911,0.190703261417281,0.0514985703911744
0.342907572636002,-0.0848724828110695,0.0510597675840754
-0.0380368921017705,-0.456373483472826,0.051023675743173
0.201160913006733,0.233751874205287,0.0509410452421995
0.0873011355510347,-0.469624719543639,0.0508525522753846
-0.318549876229227,-0.146374837732578,0.0506366242157279
0.129903929944505,0.44266848802109,0.0501162011862128
-0.105842330181036,-0.362704780845953,0.0497286139594458
-0.422285588006236,-0.270667497694232,0.0496847204073571
-0.337368833762191,0.208794164469891,0.0495733893494511
0.241819910971408,0.252473548607359,0.0494887435762569
0.1566050096824,-0.424963138982782,0.0494698885605763
0.317438259293616,0.304196834657256,0.0493377063886762
0.079888612568279,-0.461508586222185,0.0493344288538042
-0.140041020011987,0.557440318303071,0.0492953331422076
0.0206672721598038,-0.392620282979,0.0492599606181302
0.256073178952649,-0.0417605512747136,0.0491667695549821
0.309386511736899,0.153970103572557,0.0489804429132767
-0.230207647232661,-0.484716127229694,0.0489136857638022
-0.256833503139233,0.44406592233826,0.0488736413791907
0.0872607758554726,-0.455986922118638,0.0488074685713338
0.314492921436374,0.266224296225869,0.0486584412758156
0.113466998053007,0.420161027034212,0.048595367549441
0.321238541128271,0.0137711100850744,0.0483500533445729
0.172506862390829,-0.283351244297923,0.0482100287783056
0.174292124443859,0.300769547763863,0.0480717948666674
0.277087959425124,0.229318955719458,0.0477309609322417
0.0632397694228649,0.273712108451437,0.0469627228040497
-0.114256848355672,-0.316768159830765,0.0466730496703831
0.292110494973007,0.300441301480319,0.0466165782572661
-0.173228116157933,0.431947029407793,0.0461187279534747
0.353112633610474,0.206465499444047,0.0457554629927152
0.29392487281678,-0.0345071173378081,0.0455571449134242
-0.140602436304522,-0.314447863234971,0.0455332761166807
-0.428039195494139,-0.133113953984006,0.0455013065910055
-0.0784974822647804,0.374944946048664,0.0454079219730642
0.22316841889751,0.273633634590251,0.0453060345296903
-0.26477565884032,0.15164724714341,0.0452391758706172
0.245134504956715,0.0323621065759045,0.0451477097234906
-0.414523656541665,0.231034221565808,0.04512367142377
-0.349887745903105,-0.177698152365527,0.0449846687189563
0.206248326606194,-0.299429869347352,0.0449041882985562
-0.221409359288864,-0.390433556655467,0.0447215328032973
-0.0651823575019727,0.305707983142106,0.0445471944742149
0.281733169893306,0.125765475803575,0.0445458014590154
-0.164074335256972,0.271728986398101,0.0445054103337227
0.309489453594509,0.152873717124545,0.0444760658711207
-0.430241418492514,-0.0118800058287698,0.0444488264823744
0.267334039674307,-0.216138655323755,0.04429643823248
-0.272628355336745,-0.308762663406951,0.044078978709845
0.255330007539859,0.0219664367845685,0.0440571302195169
0.216456407718183,-0.0683985960402054,0.0438672340611293
-0.0380574448556603,-0.44075811442941,0.0438577851416277
0.323706399848599,0.00945614234574016,0.043626592057321
-0.253794657602302,-0.395510798108075,0.0435806567880628
-0.150537692709601,-0.411912586020482,0.0435679048215346
-0.0597348688541211,0.534274987756113,0.0435558228103895
-0.107942660668931,-0.313298403783456,0.0435415388794153
0.271130846232282,0.203193001885932,0.0432527452521097
-0.0180675882022008,0.336031281048409,0.0430810264481067
-0.233991890180861,0.19110959371432,0.0430300329516589
0.0762322648931851,0.44265689722548,0.0430173053353836
0.128249466869408,-0.236073212514487,0.0430058721266697
-0.0572973855928828,0.485083997174863,0.0430030655240692
0.171592503387953,-0.211248363737959,0.0428849145474728
-0.230277695116754,0.234415170191714,0.0428118260933013
-0.0473439516015218,0.463635812396634,0.0427972809075455
0.139917355581379,-0.276215374304531,0.0426457413792911
-0.211825205746242,-0.247268930736391,0.0425543886916276
-0.34557092394401,-0.0867146950739132,0.0423759492500961
-0.220504643692138,-0.312147136826346,0.042283194492539
0.195839223157575,0.282671953599863,0.042206039802976
0.219311364016492,-0.0101008929120023,0.0421361177885795
-0.0676171228618878,0.493373239809462,0.0419304528130847
0.215298380856547,0.207367472192386,0.0416540111230745
-0.376510439984385,-0.220909805315599,0.0415415534315859
0.268918120637282,-0.122411880638185,0.0415394534679619
-0.336029212473702,-0.316903524785823,0.0414418329172745
-0.241710175305682,-0.37921897528493,0.0413019511096529
0.129874504365501,0.328804795903742,0.0412838582521471
0.213155462007474,0.0248083545211618,0.0412559904969157
-0.510850372409956,-0.153286928670311,0.0410902162435307
0.0200063488874868,-0.259638924174657,0.0409895070424325
-0.114323099396351,-0.370026467317842,0.0407370670179517
0.0407444877681574,-0.276005120853232,0.0406274755350494
0.246004940432252,0.119374640986021,0.0406147253333591
-0.152390560315397,0.313831296627767,0.040540169546853
0.25626898257533,0.114638338734152,0.0404846953906794
0.250853110393977,-0.0147594329066565,0.0403736622805142
0.336739002986241,-0.000210688883674148,0.0399855160729484
0.24356083956911,0.0765406881240943,0.0399819837141264
0.150490119921334,0.313145322121492,0.0399127692202901
-0.0871432334400071,-0.368308776264717,0.0398085230841771
-0.380431997528422,0.142623113168829,0.0395495308298506
-0.104550119240504,0.40118051840756,0.0394026964193865
-0.289785670844626,0.0945830550544308,0.0392409217394554
0.260351220879103,-0.0475573850489603,0.0392392571347368
-0.0324903435703672,0.250259581469953,0.0391602609083734
-0.312895196114148,0.0713085261202217,0.0391202068385633
0.269350087793441,0.179069190719432,0.0389900448810722
0.295788718671165,0.0944947114283441,0.0388721538157018
-0.0214357460001364,-0.405024781060821,0.0388428386982142
0.277293960685964,0.294072915622142,0.0387755607116261
-0.405246465642005,-0.0528111247993014,0.0386863977789788
-0.37405481475883,-0.0464956338825458,0.0386562564361145
0.0459129519010145,0.337229076970879,0.0384291657819556
-0.264094358144693,0.37807783978823,0.0380909012107253
-0.334943414532437,0.0374584241186201,0.0376293659511417
0.219665032759201,0.108767454861261,0.0373496710068676
-0.203842618857674,-0.272003377075807,0.0373316836986236
-0.265832469475388,-0.248874910735246,0.03720760714884
0.271071151176826,0.0488669413986257,0.0370917762042802
-0.183527562605508,0.229258232893265,0.036899749976373
-0.223521128481442,-0.37983584497141,0.0366515935395887
0.021130011358902,-0.327118880342937,0.0365284531286384
0.240440220257241,-0.0106645362101454,0.0364278686795781
0.0895279112370882,0.326537843275525,0.0359909161068992
0.149383867619787,-0.146126430519639,0.0359088263760719
-0.00162825466717737,0.244746416251012,0.0358627798612734
0.18965630732112,0.305378204497627,0.0358185047307185
0.189654128505815,0.370097988556347,0.03571780105424
-0.140709559268771,-0.390581343120879,0.0354812576426718
-0.0953735415432736,-0.392446406496899,0.0354267447637592
-0.0489624309388466,0.327410105098617,0.0354155156165739
0.00429773847900575,-0.325597755707891,0.0353298727744521
0.234240032572263,0.0898449028876822,0.0352193844013869
0.184667908286825,-0.13041654245448,0.035208422075709
0.268684620377624,0.171924795385336,0.0345921042497614
0.290563798467498,0.0984702852848852,0.0345630110108889
-0.0620112981970454,-0.302562459488168,0.0343125507810261
0.206517174046503,-0.0505330268412772,0.0342665816203191
-0.321627308150568,-0.0040862504603996,0.0342010743961233
0.0567456079870491,0.294962341768781,0.0340814987805552
-0.182967785677821,0.370203140882603,0.0340146472905593
-0.428202648040634,0.0818162638758074,0.0339754850849728
0.142414910458404,-0.161268176739149,0.0339154194280699
0.244982726624848,-0.10992984038515,0.0338028579663354
0.247175903676249,-0.0955444482793093,0.0337315288418894
-0.361850097947335,0.0189079981154533,0.0335565085557265
0.173771352462247,0.0728696275516989,0.0334827680391758
0.195255542723362,0.0773596194506073,0.0334583088280953
0.135694537613064,-0.321884907370062,0.0332240220290279
0.179964139437622,-0.2925062328687,0.0331785997520238
-0.0524287884028497,-0.338358503334991,0.0331070901035713
-0.342808445477321,0.138483198599092,0.0331050229095758
0.18247648721085,-0.0182835910986877,0.0330072569153283
-0.162066192476053,-0.295266521449167,0.0328712620044792
0.266797931874199,0.00959298311156114,0.0328648268788991
0.232438341159141,0.166177044927465,0.0325880654284044
0.193472117906169,-0.0429650282264008,0.0324990884640626
0.0671419657596142,-0.331932792202475,0.0322935761273773
-0.171421891817492,0.320855104071003,0.0321536514891179
0.0346935621052873,-0.35815377783075,0.032150876217946
-0.366548641478065,0.14348266354758,0.0321450923280682
-0.0916444987116197,-0.32113576959313,0.031949051717617
-0.00601505811833239,0.344219867844108,0.0318417578554479
0.0328991917855668,0.222190681481431,0.031393541630101
0.175687190036275,0.276220144512013,0.0312877424053122
0.0716990824885941,-0.311873842091463,0.031224211209574
-0.0582166204621107,-0.283309862445944,0.0312098619517363
-0.185886290657324,0.211213537600054,0.0311667261855177
-0.0795879958316662,0.190009813172148,0.0308133062431393
0.142677051992864,-0.0985294421602285,0.0307718485770974
0.200951938944549,-0.096576104147167,0.0306045714548091
-0.0491071585446363,-0.257258294434741,0.0304504878508716
-0.321068395103271,0.0637456004447769,0.0303964409206516
0.12612350914451,0.0411770591327311,0.0303066551442773
0.116181057866898,-0.317670178725329,0.0302042628453633
0.149132039940829,0.149096038573647,0.0300837943408734
-0.318522495954075,-0.00494331957695186,0.0300729535747208
0.0157267393218052,0.21758121810449,0.030027925413656
-0.267040437037851,-0.0829663708009143,0.0297836539566687
0.106960881791532,0.209176474467282,0.029775480555221
-0.143881224985196,0.231863310053852,0.0296463581103248
0.0734193773425051,-0.268269024577848,0.0295590703527791
0.177364415595092,0.0785107477240768,0.0295230212116236
-0.0939717373646001,0.224285886665931,0.0295229094357079
-0.270228735594097,-0.0750960743413816,0.0294839898307044
-0.15435605032022,0.309933532820534,0.0294776150780635
0.00429057656891882,0.283302082526992,0.0294654299571537
0.168263898708898,-0.0669097537493117,0.029370999357379
-0.242707738600042,0.260074740992401,0.0292702814761234
-0.00591161371592277,-0.232538067801304,0.0292004314668159
0.178330193226414,0.0280459926940062,0.0291035604027719
0.135419752561835,0.0682171304322937,0.0289760288740751
-0.172222365619918,0.253396228002091,0.0287963797750474
0.233285653777359,0.122346682626806,0.0287954619994388
-0.304242161095843,-0.0218357061218268,0.028733887153877
0.149698929471599,0.0575399873108234,0.0286674751654853
-0.109864354252868,0.216776028011819,0.0285048805247284
-0.32885940328656,0.0170512381499162,0.0283906106582928
0.0950647827514146,0.245948090212829,0.028359858980238
0.177700208545406,0.0320225493243331,0.0283204991735928
0.117534836916264,0.209944266018981,0.0282452694782725
-0.244471546955916,0.158945785633677,0.0282330754550311
-0.31862053981941,-0.0449575281891951,0.0281775544179752
0.198129075166709,0.199192294801658,0.0281360834152865
0.197683271354598,-0.0829817555638317,0.0281351147826037
0.214700151660441,0.163620826171575,0.0281336667666716
-0.410936679331628,-0.101594885735912,0.0281116971600628
0.176350423927304,0.142688258754356,0.028093560708509
0.171158068098105,-0.113545997472958,0.028030892651715
0.136583882629687,0.262195699723943,0.0277183259874555
-0.105879066261104,0.27182027626309,0.0276635019574191
-0.0676425230499414,0.262955511321711,0.027567620758953
0.00410263780765857,-0.248790116071732,0.0274184092006548
-0.13852779823299,-0.25951979418561,0.0272661740708681
0.18758433878014,0.0961894340610095,0.0272145149821504
0.0162544292649713,-0.248632301112806,0.0269821080462918
-0.334000102417913,-0.00834736574770572,0.026878568152532
-0.395870798129032,0.0780722068314511,0.0265771211260719
0.170407579172926,-0.0126123176416211,0.0264734841109766
-0.398838371796142,-0.130106304120342,0.0264104966093845
-0.26243400590218,0.208686091119248,0.0262845774150679
0.0887077878455174,-0.21644654028466,0.0262726146384114
-0.239591015076507,-0.088941792681193,0.0262423294145409
0.0477079316184491,0.13555290222981,0.026193673151431
0.227314289820756,0.138594458044656,0.026192753104019
0.0431673786568406,0.228686436602203,0.0261903075723365
-0.185471132841259,0.188654588696604,0.0261598658664072
-0.233560070217877,-0.128178098502873,0.0261426308781413
0.137347044908705,-0.00661555347350283,0.0261402997673354
-0.396310827162017,-0.124408205791108,0.0259810537984109
0.169759013202955,-0.060901937375017,0.0259527996657155
0.158705381848385,-0.0860802640299261,0.0258971320207709
-0.261617078956882,-0.00958871082503073,0.0258307323496005
-0.256315084164444,-0.109710140918149,0.0257915219883931
-0.293817738064087,0.121873332868899,0.0256711970454176
0.105005603161226,0.176937533080738,0.0255604740517965
0.179522162093501,0.102284588521448,0.0255080628685546
0.180146168696451,0.108837792755298,0.0254980714926982
-0.174347793086072,0.16991031993327,0.0254961964085648
-0.0684175865825376,0.242420596042683,0.0254337606164439
0.118409095636072,0.186824933126804,0.0253606542398342
0.15057791291918,0.0364189474091884,0.0253205040002787
0.0676323409614023,0.162049063787907,0.0252049468272589
0.140259404314754,0.218066651424854,0.0251339532180456
0.129500267315957,0.188756070321522,0.0251252258532065
-0.395893415694992,-0.120821555300174,0.0250932251088364
0.049871599329056,0.203171912793425,0.0249613552976752
0.00808364286077329,-0.271819119833498,0.0248265940878307
-0.122862702875986,-0.166744459744317,0.0245321695727338
-0.10728664411613,0.190220660691225,0.024479571429811
-0.217151736170808,0.101755251833533,0.0243955113086543
-0.381518317698722,-0.0340827667333179,0.0243562903136747
0.152384371164299,0.0400136796234522,0.0240221383992383
-0.00553396992540449,0.213238740520627,0.0239833096057193
-0.311946962313584,-0.0654746790610196,0.0237774985759564
-0.271349121966874,-0.0354755139600289,0.0236320120499202
0.146023364097293,0.152522865859579,0.0236157446150568
-0.179222099376423,0.173457448200211,0.0236154448147345
0.104767484089405,-0.0811520171735752,0.023597115278893
0.206078697035673,0.0704065290589794,0.0235642320348594
0.0444238584346153,0.162716378939748,0.0233666436101629
0.052727027816847,0.0782759581431994,0.0233114854984465
-0.221953256667398,0.0819635795895095,0.0233009998082532
-0.14514130798354,-0.220219204404444,0.0232267976450206
0.0685457118865653,-0.267046390823806,0.0230737711635211
-0.202896811948439,0.0364602093874918,0.0229717932353934
0.117807913333928,0.0247685053648538,0.0229084637489062
0.133094263251356,0.108067831582701,0.0228279862908188
-0.125559260488261,-0.204851471387078,0.0228231892061378
-0.151274197100517,-0.173095447648947,0.0228207428418659
-0.220034928918947,-0.14084331174606,0.0227393272266171
-0.237792306828288,-0.181649696114387,0.0227076191234641
0.158492991120345,0.0829758851890089,0.0226391436025451
-0.10447763368566,0.328013244321405,0.0225562734419508
0.102556250594708,-0.13543879061842,0.0225024432473529
0.0661622033311648,0.235932121501434,0.0220832798535551
0.150010759806376,-0.147500458023932,0.0220510129231461
-0.0318995571019526,-0.271087280732814,0.0219941445633148
0.15772732312832,-0.127791178896863,0.0217406855088732
0.127712255000978,0.00468760953485265,0.0215832951363759
-0.221228759287352,-0.214879662198842,0.0215511325795192
-0.318189512976629,-0.0247624149919303,0.021338953565658
0.106162656641475,0.167094014761744,0.0213362188455747
0.093166334511864,-0.12054785817292,0.0212907465909096
0.169811322740994,0.0635426822481283,0.0210642266985199
0.105115608221261,-0.00797496389897267,0.0209613296004802
-0.295525951213702,0.222221123511664,0.0209431990475689
0.117149614338763,-0.103418995801764,0.020924193571856
-0.113123246419557,-0.232025019339784,0.0209163593772286
0.122334196020189,-0.0656563745297978,0.0207145423467247
0.0780925845597251,-0.0935288358731132,0.0204893805610618
0.170801385820429,-0.0685201987881398,0.0204366430639194
-0.0393568300454614,0.176028429101524,0.0202633493079863
0.0699857910694678,-0.0259593456291993,0.0201114764684119
0.0945218400979937,0.182298153658046,0.0200219182223896
-0.20259983712915,0.0579865161861483,0.0199728145965182
-0.110233184919807,0.165310527236323,0.0198448970121442
0.120957010479721,-0.0512323997065606,0.0198295041148467
0.113221974803287,-0.0047517630650449,0.0198264431960587
-0.219757164308317,0.099374940114692,0.0198116629505826
-0.00663676046180526,0.269576566033724,0.0193072257089036
0.104469030099122,0.087726995018219,0.0192456164485116
0.154385598205094,0.106667724392159,0.0191960345316761
0.0346436659656466,-0.221523558078386,0.0191763364318051
-0.360420563885525,-0.124870241955949,0.0191370711472216
0.0659301148370036,-0.0307172147930685,0.0190353578489012
-0.100963036533167,0.185330371823537,0.0190100207391369
-0.160935729384315,-0.210295076979241,0.0188324001737405
0.132756604669578,-0.0931828900866969,0.0187402605127851
0.149690569631065,0.00333324379689304,0.0186605449252269
0.120827895402035,0.0421653430868807,0.0185966058116389
0.132090924717362,0.106156951109035,0.0185267653238089
0.0327382781040519,0.192327379293609,0.0183311452554664
-0.314764720292962,-0.033355982315518,0.0182909401807467
0.193187028411779,-0.123425640684768,0.018254726987506
-0.222037922610728,0.0174457006474052,0.0181897552635716
-0.245583500806811,0.0647314045125227,0.0179410312331884
-0.190722288582959,0.228393690523878,0.0179281780583801
0.136818413401152,0.0398365059483596,0.0178660855693695
0.129623181789846,-0.0643619582746197,0.0178639892721089
-0.131346784309413,0.260465035366871,0.0178619437075456
-0.227184926513494,0.141208358731985,0.0178376706566622
-0.231461152583548,0.00500929862886761,0.0174137844091801
0.0959992826393938,0.135771298854652,0.0173931973304917
-0.175961484067561,-0.11919189723184,0.0173403480132085
0.0318918220707463,0.176005552146583,0.0172763455907749
0.0279979336580131,-0.14820750354989,0.017117917602579
-0.088561710117776,-0.226809096792331,0.0170658578104739
0.0580554156712309,-0.120269395776863,0.0169727369262569
0.084621320344237,-0.106772503855208,0.0168136755009138
0.0748643465636919,-0.109219830823727,0.0168115573395951
-0.0463708411062349,0.21594556934117,0.016431689477392
-0.0803476842517331,0.271412672011284,0.0164107397526144
-0.123026356468595,0.144274867286094,0.0161570840406735
0.113404637647813,-0.0655026742900569,0.0155994448119168
0.0222778088273261,0.241344677683927,0.0155803953375406
-0.0928740750701224,0.244602788173353,0.0153088257441324
-0.145261546644773,-0.173255466838381,0.0148198049420216
0.106643151031488,0.149263300538943,0.014723758516463
-0.215599995739044,0.0136627653528827,0.0145885451372829
-0.128724579720494,0.190594604108308,0.0144219767890381
-0.246641826601139,0.0680826037593775,0.0141830613818288
-0.0630108628879969,-0.197981887400297,0.0135538648983316
-0.165795515072508,0.114357979684092,0.013412094561052
0.0306351290643903,-0.0544402791074508,0.0130840773065876
0.0840770312384585,-0.0704569205059612,0.013053191061714
0.089731737069173,0.136244539555817,0.0130065890536436
0.0637744412992388,-0.133529338120552,0.0129125921318108
-0.0601755333146275,0.144238389844506,0.0128410581732405
0.0888027485218384,0.165085876116093,0.0128373836607331
0.0886986438877999,-0.0260199885960023,0.0125096418147222
-0.192800184494044,0.132181934697466,0.0123635767294214
-0.222011955608682,-0.11350896317611,0.0123319658106114
0.0121958746475762,0.143415124594745,0.0121251107173571
-0.0275678834460026,-0.174298952619821,0.0120376082922374
-0.0309188182920971,-0.120735455783809,0.0118256756567651
0.00282264667742249,0.184094442884675,0.011737711250176
0.111133140082601,-0.0404167769811557,0.0117101546601829
-0.00250907938373594,-0.108221226149504,0.0116803379469769
0.0306081029787765,-0.17883531375966,0.0116036056054926
-0.165822452343997,-0.103598915002313,0.0115337888568378
0.0194829987287846,0.155480569904212,0.0115156901043432
-0.0322247568358108,-0.157992451987987,0.0114441902537772
0.00318855135222045,0.182616312344632,0.0113530252422333
0.067141675989186,0.0555551150073788,0.0112815953655023
0.0405543841163122,-0.0913860533395773,0.0112530873799233
-0.162219618558386,-0.0905676308877766,0.0111039045823809
-0.0107130921855145,0.220181563028964,0.0110368631949195
-0.0629740528320404,-0.110596337914723,0.0109021986789561
-0.108544543249279,0.208157690057041,0.010887140975794
0.101362010571121,0.0683368156242321,0.0108344575647606
-0.126979706555164,-0.178453269077563,0.0108059012020785
0.04928431279243,0.070921758018332,0.0106645441160699
-0.142046781875935,-0.0584472072534428,0.0104437318094753
-0.0358302039999604,0.150813955884128,0.0103217540386288
-0.0433783295888042,-0.127131269026781,0.00999033543314844
-0.159622991835164,-0.0537711179001612,0.0097944162887781
0.0726775102030403,0.0703258409830721,0.00944260250872048
0.0217811963554403,-0.10825692966316,0.00920140649030196
-0.0577045368260436,0.0695673517973495,0.00910677750113805
0.0296271196022877,0.0753447998570536,0.00907911011784208
-0.143860821756779,-0.098314239757586,0.00904885717711008
-0.0874790335452594,-0.136945334960476,0.00891874149202382
-0.00481406042136304,-0.00541418459709629,0.00884807054260462
0.027621391429244,-0.1016870940847,0.00879343665218279
-0.189102418172065,-0.10331352952926,0.00877659411312254
-0.0190801887192963,0.100022053332529,0.00857196218959834
0.0549816116201631,0.123142112638374,0.00835459696679534
0.0401451611060964,-0.0393190581364943,0.00826631703734859
0.0606359944365396,0.0681013712538436,0.00776939819677023
-0.108046259003445,0.0883621168262337,0.00771444211131168
-0.00479440449612201,0.0814988932027498,0.00757195025423377
-0.0726038770590509,0.153954796633066,0.00738627721267989
-0.0175539769681887,0.0164529775142642,0.00724467088556489
-0.110105485397437,0.176515099465817,0.00724425405462692
-0.010907948707714,0.0950378653827219,0.00707812937972459
-0.105908495298205,-0.0734736787895913,0.00706735174464889
-0.0152386866874264,0.0695862578706881,0.00705210830960839
0.0724068686185517,0.0428405007550676,0.00682483303236805
-0.0871398091042111,-0.154592752801803,0.00673911540668933
-0.00255082619814896,0.0582483209977009,0.00672135438249007
0.0653120906993235,0.0636854746168215,0.00668332879308519
-0.0573765556760313,0.0492953661427761,0.0066007594358445
-0.170200045947015,-0.00334245416720676,0.00657480450278454
0.0745690105754983,0.018719513773926,0.0064315627846167
-0.197036497948167,-0.112189125235324,0.00611419855101495
-0.026282044118131,-0.0899532258170502,0.00601396828962404
-0.147632702723367,-0.137838182961651,0.0059284717076863
-0.0015686634842807,-0.0770390766482127,0.00592517515596435
-0.164042349271429,-0.0678083464222427,0.00568194357000482
-0.0999902916046313,0.00541737441808547,0.00557923354860984
-0.109604320667102,0.0658047085257131,0.00548886378311701
-0.0877733903624491,0.0299255011034881,0.00530232375271783
0.0325635464126531,0.0131822901163522,0.00520775964833528
0.019572571694342,0.0239135260765476,0.00515211468200492
0.0199014658157439,-0.0102810465719301,0.00511475169506393
-0.04806780034197,0.0973221480682954,0.00504838585771761
0.0215663925997598,-0.0564969891760026,0.00493259231676556
-0.127837920850763,0.0210581386813375,0.00478309393615398
-0.0458522266185416,-0.0747032204574711,0.00464851601317206
-0.100040885796749,-0.0202398776048965,0.00464323616794976
-0.0511070666879182,0.0643838011130127,0.00460212743045547
0.023285581868338,-0.0253399410653104,0.00442082740400858
-0.149814192546578,-0.00182444299251487,0.00429556563296425
-0.118955123488309,0.0493954970261071,0.00419420005346415
-0.0218143234539677,-0.0732256931147184,0.0041485477036973
-0.0752053449556879,0.0158232469466508,0.00412696221463849
-0.152880566795436,0.0742236610652109,0.00403085960949646
0.00650542477728363,-0.0248797539042865,0.00397381721461615
-0.000596270435785361,0.0626731503174431,0.00394116711185149
0.0185717796151532,-0.0130569296766383,0.00377331865969623
-0.108294362367962,0.0928967566414972,0.0037655540642631
-0.0125571699399743,0.00827990020363739,0.00366974229795826
-0.000449684493846447,-0.0710716672840087,0.00342830535963587
-0.020878818530946,0.0909145903952223,0.00340596738646258
-0.0316605546541967,0.0164995176108261,0.00340311692510451
-0.0625369581058125,0.0224012266893517,0.00301204237129828
-0.0546767435537397,-0.0817912477243565,0.00300804146758809
-0.0418728473666714,0.0116251305439672,0.00292111938555697
-0.146092042167044,-0.028541438434212,0.00281666305147648
-0.153497692106032,-0.00705015178791874,0.00281476767863463
-0.121676794172606,-0.0483881714146921,0.00280631071934358
-0.115632471959961,-0.024019239668298,0.002785653498872
-0.0848109643277021,0.0657570117922789,0.00277900013720182
-0.146551780367458,-0.0473966652602904,0.002729634093853
0.0158886382368064,-0.0232926921087362,0.00272714538955002
-0.0159320297980915,-0.036509974674582,0.00267865574472482
0.00663337790806479,-0.0319859021105264,0.00261101990825787
-0.143288714458119,0.0071872489534747,0.0025020436531961
-0.0678341697576659,0.0602664155133128,0.00247723498559363
-0.0310119369948612,0.0224010179615141,0.00247321949972218
-0.0855301579654216,-0.0911090761134487,0.00243273268042301
-0.116845446848441,-0.00806272146287386,0.00239451631614204
-0.0654253114222542,-0.0616206410623007,0.00234913705095488
-0.00959154511585113,-0.0382898591235869,0.00227542195626521
-0.00113418579768264,0.0247971118676948,0.00224136949527358
-0.136030578573339,0.038377363737605,0.00223178214483384
-0.121849700727111,-0.00961530797376848,0.00221927314265813
-0.032909211988934,0.0590928218590248,0.00215923994199628
-0.0589591311310402,0.0384702207222128,0.00214154564813262
-0.0871063052156394,0.00839351108652243,0.00205990439857221
-0.019661899340397,0.0370512431041016,0.00192055963231077
-0.0309756563896616,-0.0205974658046487,0.00174916024532322
-0.024009289981687,-0.0406263064381805,0.00171576134019064
-0.113019952946157,-0.0806073263542098,0.00168002051724823
-0.0322270275620659,-0.0312083662940313,0.00166208347539776
-0.0854643324689333,-0.0413193698327024,0.001560283332278
-0.0340821615982854,-0.0023623730414566,0.00155524799841088
-0.0754716953074496,0.0311943754012343,0.00152498379292418
-0.101698598068597,-0.0416034964030942,0.00151204846261535
-0.0841184682407442,0.000945104688252189,0.00141285442520841
-0.115191642130955,-0.000972709715688828,0.00139847375783166
-0.0378915334061145,-0.0384115745220494,0.00139497553203477
-0.00719073278792518,0.0117499400856538,0.00137343356864349
-0.0700327363177872,-0.0397231992772515,0.00136967180684351
-0.0259502155104165,-0.0171408644901401,0.00135763868693978
-0.0852196443782423,-0.0612509949734187,0.00135076666087844
-0.00204058683529807,-0.0305537200515522,0.00133917443851528
-0.0309496630243244,-0.00145668038003275,0.00132190744738682
-0.0554704241443567,0.0252451255121858,0.00127957202165099
-0.0210805539580217,0.0112982863300352,0.00123357697742616
-0.0541656852338714,-0.00421287376912929,0.00121858236830496
-0.0453717636326834,-0.020094829947562,0.00107581168309758
-0.0562032141253783,-0.051305362316711,0.00106937613974572
-0.10950020970531,-0.098432070829894,0.00105173234240709
-0.0453675583282742,-0.0303672467582908,0.00104475144401493
-0.0474987863815432,-0.0387852652229221,0.000976002003113113
-0.0355814930089581,-0.00824973022695022,0.000969693971350707
-0.0465453047084647,-0.00583835472773646,0.000967835851935617
-0.103682690160134,0.0177084176412964,0.000940957394056104
-0.0673012793121086,-0.0244683107154092,0.000922549971359247
-0.0586657245010688,-0.0126360636707639,0.000905269412777346
-0.0522863146410496,-0.016622758282857,0.000875828762814231
-0.0375807421757993,-0.0212997070074524,0.000827566303600921
-0.0725921619633933,-0.0304366584738694,0.000818359899181126
-0.103349018344215,-0.038631276266113,0.000732017691897971
-0.0715770717150822,-0.00357445436707422,0.000539816330856488
-0.0595966149463827,-0.00334200636134597,0.000410285800075854
-0.0647328263937121,-0.0340906363176043,0.000249469306285221
-0.0802188202502118,-0.00537823719988591,0.000232998997087657
-0.0923729731837103,-0.0358367517454297,0
