-3.99691445670346,5.64321846550158,0.976499143481957
-5.00808193082942,-0.301271074546412,0.970775994725925
2.08769138833622,4.53042897773803,0.954871322153586
-5.84313158415138,-2.8712985306556,0.948757927049421
0.396019225504618,-4.65933902791046,0.943622280537836
-5.00499313656213,4.96541751273384,0.941935465955238
3.89538073690816,8.59231742595068,0.940998122431304
4.7954527057892,2.67701027411522,0.92693753932626
0.451726290001786,3.057814851293,0.926811232922033
6.78559017523768,1.5488434691076,0.925785341587448
5.79789047747727,-3.02482785148882,0.917991078729592
-5.29858335074786,-4.82073784794469,0.915500534743416
-7.07273777311467,1.08448322779681,0.914215431173075
2.33950599863135,-7.05461258801134,0.913670116687082
0.117969613807652,7.12997641085285,0.91172570534963
1.59850905349347,7.6275795778733,0.910535319075454
9.21049589182146,-0.0819427315609913,0.90746856522581
-7.12096730937436,2.34615870816237,0.906491322764733
9.38487172208763,3.00670499123055,0.906306136777438
-4.34699430905138,6.24893302727383,0.904661385037276
-5.16581503796706,3.86335042675518,0.903674048537621
-6.60607018307454,2.6741636713257,0.903541954504771
7.3431781054128,1.12073810861796,0.900896724508507
8.37777852068359,-0.59858640710685,0.899167477125279
-1.96182919241409,5.8326017630601,0.897558357700618
5.71413319458956,-0.322421143045142,0.894899577120569
4.66414539798325,7.56689905913448,0.894576574886038
-3.38134839689535,-7.18996775146461,0.894315416416201
4.96567236650324,6.0302353076386,0.894233804772604
-6.34021354686892,-4.68754492449433,0.892650398501551
-7.64376862698411,1.2453215373377,0.891788573031275
6.16335618996504,2.63148112678842,0.891688479591754
0.311593882374017,-7.02706218541152,0.891493740805078
-3.44941650250483,-5.52075210114557,0.889921788629003
-7.84750288168494,-4.03733918077236,0.88811379679875
5.25938861257992,5.25559269015453,0.886884280447156
2.50080766481501,7.74725171194906,0.885919991919431
4.58544028714646,-2.87760128794594,0.885829283198007
0.616359430694988,7.45276524211519,0.8853757414362
-8.5109343997029,-3.02555844794416,0.884335420930237
0.376110442699893,8.0029928827908,0.881768059952068
-6.63127203390876,1.64086491530035,0.880393537423807
1.49653508838112,-7.56010741473544,0.879383569378023
1.79363102288779,-3.74888717129359,0.879156814996167
2.5967644111566,-6.88059905817886,0.879127149200858
2.31831121582859,-7.3138313560864,0.87799192093115
1.91844837523062,6.67339792283322,0.877309333901163
-1.4326598273907,-5.0890204316498,0.876784756837529
-4.56181744749263,-1.00034505474744,0.876577383844577
-3.08495822057763,7.87823899620882,0.875274997750637
-4.84552597812329,-2.33780339099727,0.873982183571586
4.33009715681757,-1.33596744705513,0.873482828787327
-1.09869993835356,-5.15111342019104,0.871410896209191
-6.81031189981061,-1.15809521781269,0.8697557861318
-7.91433875308641,5.08837020548296,0.867371491398879
5.86695783501459,-5.32404163680235,0.867111794419569
2.28929517715883,-5.00598466885629,0.86706541472555
-4.67401020665186,4.31520723976492,0.866510762060868
-2.68727998386772,-3.18699579792369,0.86617655394155
-7.75482668736423,-1.46594242732075,0.865979830517108
1.95701111381322,3.7908293729569,0.865882205048266
4.22067517051282,-4.4643835984422,0.865145918142691
5.73416256889576,-2.25803208670035,0.862570043867389
-4.11774226235171,-7.49091377850676,0.862170375954998
2.8461201372774,-4.11376736558276,0.861773700949588
-1.69465171806136,-4.44443835113054,0.861702546815923
-6.55725307816033,-1.73632822592661,0.860803542615373
2.00685776607756,7.49375724197233,0.859747983198308
-3.62853316891164,3.09358181454878,0.859231019018486
-6.86455475245897,2.35621790770238,0.859069961431667
4.38122978396358,4.57054196945801,0.85826301702538
2.63878903097369,6.11787921577838,0.858239662473436
9.30759920544598,3.80134732258139,0.857673136743624
1.67866378575853,-7.78990772862241,0.857576223482838
-6.28655616110486,-0.1512585369404,0.857136287790718
8.2571679962203,2.64660344857178,0.856559665699988
5.26663818939678,5.10328679651904,0.856336122714798
-4.28527759983136,4.20064181738547,0.856314350002503
1.28872600695598,-7.96803277610527,0.85629517696563
-6.9321112821715,-4.97727669550709,0.855748823446502
-4.71723571131504,3.0427061677926,0.854452149037031
-7.04400048829874,5.73249497431093,0.853745798404888
1.65471015607494,-3.63560396735045,0.852633424635352
4.6507464048862,-1.99584559037638,0.852142762722931
-2.53285019470718,4.75144763777021,0.852093085302463
5.63908243151529,5.91362381600726,0.852076017746095
6.16977037359962,0.262582223101701,0.851221627447281
-2.97638783496501,-1.57896653802513,0.849336603745536
8.52210979358061,3.53310485291853,0.848463046665277
-2.43303923772818,-6.43147978416313,0.847833973249559
1.46694828649321,-4.49377834525134,0.84775266771123
6.02099966066712,3.09061707489387,0.847678551887196
5.57017908405235,0.740569285203393,0.847673074861301
4.95189807733854,0.824192495197661,0.847557384557086
5.25476433198957,-0.0701227347107363,0.847172208990148
6.20504328692842,-1.28671291739009,0.844212710792747
4.90725902705342,8.67705406166881,0.844145653159008
-0.107791338157976,-7.81051473963234,0.844095228977836
8.48248666292245,-2.15405118491783,0.843523050757106
3.32157842786224,9.08963570609848,0.842757493011661
-5.14211367976615,-4.35669900952177,0.842721393364228
6.22681061156683,-4.26903835053328,0.842120012727464
9.86253547555158,3.04480867505025,0.842008822830746
-8.05199706832123,-4.54820071788836,0.84177838037624
-8.61050509676982,4.65426042571178,0.840917814280393
3.92938946152843,-6.22003024181381,0.840632708351772
-7.31621610489102,-7.17721493603618,0.840004157209755
3.97964916563973,-5.03252016994961,0.839264068280072
7.62631372975634,-3.50991273902615,0.8388218152008
-5.45515233806213,2.23465274378354,0.838633408851446
4.37618030542957,-6.55280717616972,0.838441764980814
-8.7810621126217,-2.74190663104175,0.838426043045802
6.45986799975214,-6.19618973482039,0.837879786286792
6.17943730242001,4.05020433484888,0.836662382602698
4.48892173947487,-3.05776335632917,0.836616979595609
-1.64399245813672,-5.25911082516608,0.836393012315671
-0.950090041938802,-7.65686099867808,0.835427981549067
-5.99274262056011,-5.63421152242219,0.835394884377903
-5.45182172030569,-4.51885606469704,0.835345882997025
3.53031356850834,-6.37112870805213,0.83512795150077
4.04873726026921,5.85037512105818,0.835019918281656
4.58188737736866,-4.87131177136494,0.834792962128221
7.13014837381585,5.62356962362658,0.834615310087619
1.90452936724942,-9.43685227029636,0.834209516229469
1.27050435395496,7.21082463349028,0.833677791472357
-7.72010619078294,2.53505648778534,0.833589162390171
1.76319698016293,-7.89781038762141,0.833324196416249
-7.06186224575465,1.42582490795877,0.832513376191721
3.79937268981685,-2.91672484186699,0.83228644564336
-4.30825638742609,-5.856487527527,0.832168465090254
-3.29015777938004,-5.44127677152772,0.832043423481975
7.97628957337255,-4.02496401007497,0.831463004026966
-2.62549631089232,7.83812480040352,0.831366826329465
-1.97125366722095,-6.53479347643135,0.830826211041541
5.33945656786688,-6.27575608888955,0.830093969894644
2.46589678282323,-7.25215021063693,0.829984459114354
-0.340336362250061,-2.85153259502769,0.829384651313825
0.946800857564404,6.67932305465395,0.829359289045223
-6.83121221670724,-3.14935505201132,0.82853284437917
2.44498406829577,7.18605781866592,0.828381403108903
-6.28816240495742,-1.79478955292666,0.828141881440879
-1.03415561600067,7.26580360073929,0.82788415701708
-6.33986941017218,-1.6063117454713,0.827567230522023
-6.56789771911974,-5.51832623506946,0.827026657069615
-7.13606805181386,1.86714028765867,0.826777407954603
-4.10856209773646,-4.71558699014972,0.826675750139063
7.04751337316812,-1.74464564402282,0.826450275353927
-3.12707798382896,-5.18691832522784,0.82577041649689
-9.6338348703221,2.06217464783816,0.82565480950373
-2.39321430880932,-4.45538749655089,0.825452124499589
2.07402406150922,5.01417399087455,0.825435734821703
-7.24138057444929,2.27429623844186,0.825003643695064
6.34642132746076,7.90197802272286,0.824986712807602
-4.9035766046071,-5.08030446094844,0.824751133906248
-2.37440930628803,5.16714540338586,0.824473794797253
-8.96392531921114,4.64205511863196,0.824449585541775
-6.97348011004773,-6.12861284652885,0.824419596867286
0.789154620891489,5.36901279526093,0.824411296620242
5.77450894854345,-3.94134774663401,0.824356932516526
-5.02218576066447,2.68051021948175,0.824110181382313
4.09612245988684,-0.930289776040973,0.823456958800352
0.68047893184815,4.18827702685362,0.823016493428771
-8.68647467272431,-1.98053881582715,0.822820352931565
3.00153099588354,-8.15764779116797,0.822502555541452
-7.29862068108427,0.0398041952624504,0.822428806555307
-8.67287186816672,-4.20756796031151,0.821995011545265
-5.04152978658933,5.24853775074899,0.821824724484157
-9.50155861798034,0.897646052355641,0.821544845310056
-1.97333154092253,5.12946415053993,0.821280110271436
7.9946752809923,1.07881700001273,0.820029307217044
2.0778479915622,6.09316777467101,0.819466565766209
2.73494927363122,-8.82766927467227,0.819264022423231
7.48239295725049,2.12805020979547,0.819157641183976
2.7684716523817,7.46238653534723,0.818838654039503
7.78932864080557,-3.08491104305505,0.818827335175069
4.71040512207265,5.33657204407008,0.818296552153307
-7.36580942171344,-3.74286247309227,0.81814033378045
3.93418467224284,-5.49369664546939,0.817160261163066
0.51725679108667,6.39460080263592,0.817096384265133
1.53547707965572,-7.09592045201828,0.816922825325975
0.37525610563153,-6.14151371806259,0.816869508413585
5.7398814939548,-5.52926190463739,0.816661155442227
2.75189668917622,5.26575914872643,0.816640985245354
3.67505688808589,-3.17889446951825,0.816291947582793
2.37954612685382,6.55500517785121,0.816269325173689
-7.53620353753367,-4.27761647281872,0.816024035674491
2.01903834475576,-6.85801355072225,0.815919850721959
7.94921168393595,-3.29719431145515,0.81589044110184
4.14358423139544,-4.757871132044,0.815850196657355
8.24924257331068,-3.08744034725915,0.815811535686314
-5.44210480165339,-2.69717238691158,0.815404620248978
7.33294248917514,1.43027105831717,0.815310846581269
-1.95728656792662,9.09922478003078,0.81509137468136
-1.99065238466014,-7.0759727846743,0.814993868928451
1.51305091858747,-6.34919450286407,0.814908898487244
5.98748093407432,-1.43444127796541,0.814606615354485
-0.69149412306118,-8.683943756329,0.814528604385774
5.57854175195162,-1.29088835282786,0.814526989704124
2.61396442447182,-6.9744753628248,0.814439482850949
-2.75162109768092,-3.96231564890627,0.814204821673272
8.28820587192356,1.85870459795179,0.814149592059421
-4.4530803194504,1.23357447511543,0.814075722747208
7.11925632959673,-5.87877028364188,0.812937358237342
-1.17929141281571,-9.04134255053283,0.812895491900374
-2.38602921827983,-5.41834244591303,0.812637561315424
7.52127763718174,2.86056479851806,0.811922229225007
3.06998098881223,2.60820030435123,0.811562020061193
1.26028149395861,-7.70813707430598,0.811161715760645
3.82528578429987,-0.23732142007694,0.810967384262743
-8.27938248528179,-1.80047838972207,0.810744659495436
7.57311753579091,3.96382338081603,0.810643358268081
-5.37660414553397,2.26504548157522,0.810277648858549
2.92112441794661,-6.49049730169021,0.810261375295716
2.402593773731,-8.20550802031218,0.810184547206446
-3.41122939362187,-7.48314408777118,0.809871739252253
-6.43348219202857,1.79877561669098,0.80978835930115
-2.33135153772677,-7.0278372727401,0.809781655792786
4.16266216609783,-7.23954842924351,0.809660331134356
2.13488455882812,4.48935305906649,0.809279226123225
-5.07194881380391,-5.32104164299698,0.808827144084327
-2.14750270285898,-5.88046375218877,0.808382938446844
4.29952451789382,-2.9635688168522,0.807103527433293
-7.55449815973517,0.837374249869081,0.806517201627321
-4.87876289175929,1.50162269458299,0.806511243523258
-2.40382550276591,7.45078997493508,0.806464822738205
-10.2622575044605,1.40135531387202,0.806307725009102
3.21173713977689,9.88422058501844,0.806058266897913
-8.05425521919402,2.82307023080248,0.805781638590641
5.32180919229534,3.78428428680332,0.805681569741923
-8.02862079940749,-1.01181435269721,0.805667129092628
-6.44248392415241,-4.25642578582235,0.805561428415394
-2.47657232961438,-4.42899280639646,0.805491267804481
2.45931433319696,7.40277959381716,0.805187258244941
3.78613659268732,3.11088166284755,0.8041826677969
0.537984944654684,-8.00128080815173,0.803723982160579
1.34047940611829,-5.54579972102821,0.803455900543283
-2.68906582168757,-9.99823612936201,0.803233862142158
2.51225129296134,3.88090613395638,0.803112828812911
4.26222415327568,6.76700137661795,0.803099449339663
-6.97845046809455,-2.0399188559394,0.802723854910073
-4.38318736516769,7.15082852439376,0.802337821035667
-6.13869256652301,3.3648523697754,0.801840163052128
4.97051477820608,6.04316187664235,0.801298157252859
-1.7380647803313,5.74883689541344,0.80124302677418
-6.60291278689851,5.56243098864546,0.800757983006574
-2.80541361570967,3.95918025874165,0.80070211840014
-1.36338811283323,-7.13315526871692,0.800597513729386
4.52701766019619,7.30022632566218,0.800285778646956
9.47955344895297,-2.29099453263013,0.799850518851138
4.32558023308228,5.08445131947541,0.799795569664745
4.53969888045431,-0.689120652221353,0.799614518655626
-1.41110591131608,7.07289452542964,0.799596108409352
3.11144973826396,-4.99419662611902,0.799049794280542
-4.0573977720107,9.20830323559705,0.79870428569494
9.16706555368263,-1.84105922263489,0.798488226754119
0.0382078493067952,-9.35250730907794,0.798329773438615
-1.67785349788111,6.57231728043887,0.798140802994007
0.919651611845897,8.68354092272823,0.798136168037764
-2.82726229658773,-8.3397024512522,0.798116653156599
0.278317612055984,8.05414454625281,0.797882440150082
-3.33852964011274,-2.85520084929289,0.797553217671982
-1.24325611414968,8.08067354607204,0.797487051975443
5.57588925810173,-1.59211319599565,0.797423680558315
0.814571201225452,4.88794879223767,0.797388363541388
2.71421666622895,6.07206261732885,0.797063030586858
-7.17946860366451,3.43329023897233,0.796946345878959
-4.98246316774499,4.17287676628521,0.796764795496356
-6.35512745126585,-0.50026291319199,0.796611039038556
-1.79808505789456,-6.27026806004834,0.796077741961505
0.239551988411773,5.19545689676205,0.796053989830348
7.0191604379906,0.0366835479520022,0.796026713486275
2.94267241964008,-8.60072086659879,0.795688192324312
2.56136723518978,9.32308104524654,0.794913486553904
-3.43934811268272,2.83931400929278,0.794907566504711
8.38977049076785,1.44351124127242,0.794808426120295
7.38223595974371,6.58858246339183,0.794570016315679
-7.18955167939483,1.43734627169127,0.794370198200623
2.64826681411525,7.63527464511754,0.794165525986376
8.97989350109827,2.65206752631652,0.794120008467392
4.76986089416392,-4.5335660989991,0.793884043562736
-1.13051920978952,8.41180418510262,0.7938773084419
-5.43126444130907,3.18445644960184,0.793664843494174
-8.91621618662553,-5.29114322686041,0.793648462723557
9.88465102787989,0.106483778919022,0.793605232911414
-2.33633739448483,6.02657799010723,0.793048509522224
6.88159535135543,2.35122294363672,0.793000874363537
8.85737231331091,3.26713527077335,0.792441873968921
-0.682173438523424,7.805626407184,0.792138385678375
1.70202223602404,8.21292879630141,0.792100381698816
4.52957800968123,-7.53898760427981,0.792037745814515
-2.56186318868988,-1.98901790273203,0.791653848502268
5.27974335159839,-3.48543636415925,0.791353205608306
4.90814662557418,6.22995305123886,0.790796432799704
-8.97786683144729,-2.17511562352769,0.790309186076803
0.952266794558995,4.96274638571497,0.790167184188771
-9.93400919308965,2.27380182410445,0.789669343844697
-3.99182871966545,-3.63756399872595,0.789414678469084
-4.61455784564333,-1.78388384989578,0.789097315154315
-8.53176561710286,2.40748807920429,0.789027041710816
10.1412861338141,3.93728603178181,0.788732587645648
7.4136236463586,3.25651424865363,0.788711398129457
4.90613535371415,-3.90097822304086,0.788599473714398
-3.21663553872028,-4.38442662990947,0.788446094621387
3.24463137468665,0.631484651044915,0.788105908571549
-1.35996278398227,-5.66019358774862,0.787925834471538
2.14926938448704,-9.04709280794358,0.787644216721164
-2.06576963371526,-10.6636933274186,0.787576551001591
-0.773180440630128,-6.60939795089936,0.787476006290974
2.3609110544041,-3.88749573184678,0.786820368746408
3.99150997632158,7.45315122194577,0.786694711692022
-3.02327452254655,-7.27708705946913,0.786682031817459
-3.50236615221045,4.58409245945971,0.786206075573844
-5.20924819052418,2.65730925485303,0.786199533845302
-7.35778574068576,-2.04962960265887,0.785833407853652
4.79032275553868,-1.66788368711373,0.785774505129353
-3.66542672213312,4.77671141540158,0.785707939948004
0.0760348361181521,-6.10209865293762,0.785566642735772
5.76198095478523,4.03561082601625,0.785562211860908
-2.273259890919,4.03487779414741,0.785248798308795
-6.03641400763494,-1.66053746527094,0.7852281222929
-6.22525521802711,-1.235098532159,0.784918711924411
3.57031986224137,-5.87651275446346,0.784879596876925
6.60859674040841,-7.53073486141918,0.784862335837427
-5.80713956151496,3.49579690920952,0.784562276683515
-5.33517567977761,6.15890314245693,0.784487487403423
-5.29696104520899,-6.53494511306776,0.784411249179832
-8.87388244427632,1.09118018193672,0.784313565879712
-8.83446296875898,1.48147791430771,0.784233285416324
4.89318361210044,5.96087741656918,0.784139053337733
3.15198799171017,7.42940902400375,0.784115241020545
4.09474237566203,-3.85836287667123,0.784002477489046
-6.24780701738763,-3.75317659075794,0.783810989440365
5.60650515832435,2.81861164872119,0.783679383846312
0.730379635457171,-9.24928488726121,0.78311005677725
-1.58726421165403,5.37281728410556,0.783102648884725
1.74666591962495,6.89876581179623,0.783086497389682
-6.0086532029196,-2.53453024911022,0.782961767079921
5.82128090744747,4.18002078076757,0.782826221784071
-6.27644646384766,-1.27072440962984,0.7827888340251
-10.279519357698,-4.01566087067092,0.782559641088716
-8.89317372925196,-1.02065712757888,0.782188880489137
7.15896498315951,2.94859465735222,0.782117454928734
-1.89701539517981,8.29527528781189,0.78199536268413
-4.13375727429581,7.68193745434234,0.781907506669111
-0.255647731124534,6.11532825656517,0.78167912881707
10.8885755377393,-2.40112036291273,0.78167456007821
-8.1669914692258,2.41457584324389,0.781639368101561
-6.85118481330168,1.43924304447263,0.781590778208115
-0.884269993806095,-6.51384210968386,0.781499756342367
5.47823253072508,5.90465616817307,0.781366468869705
3.56829541825476,-5.28797419178339,0.781179355805647
-0.109892212776084,-6.14955621195075,0.780974273743505
-4.89129094679295,-0.883953165205436,0.780934157583568
-6.18240397332487,-5.54267108191231,0.780748368800916
-9.96133380052891,1.63528170510326,0.780580586349897
2.88233442970089,2.79215131398846,0.780437718286878
2.2785025379053,6.00357834498137,0.780340109671162
-6.05556536623075,-8.1538349078554,0.780175045581036
2.54811191792526,-3.87618838021375,0.780133175459954
-6.24729963106652,-0.0454390084837695,0.780095539087738
6.41547302032129,4.4789172225354,0.780010158677388
-9.03391554800298,-0.636412612312302,0.779810647746026
6.26874141938678,-5.58521693123052,0.779498975436247
-8.73541974251311,3.16816413347354,0.779441607706958
2.05676018360613,-5.93212806264601,0.779118539578246
-5.07864255354562,-6.65038897583487,0.779023080405762
2.07382339079011,-6.29953580116141,0.778883462751804
-0.298839519268271,-7.47282274179946,0.778347319295825
7.46794436289577,-2.6265338060662,0.777912855704041
-2.41456700383265,5.19366266433285,0.777765309685983
-10.005382197716,2.4319369956353,0.777639599098442
-1.91654983201298,10.2632251808672,0.777547359356785
-4.22522810081288,-0.790963320794384,0.777513928079384
8.97237848349226,-3.09560442720584,0.777339115746391
7.32855424274166,0.0322010048875871,0.777304501046278
2.51228211532675,-7.17708898895696,0.777110127883793
-8.91164439784747,-0.069407316889494,0.777092356205731
-2.46552661409606,-9.16336485643069,0.776750738944763
-1.97494908732904,-3.20259414371217,0.776729722649965
5.98337568399147,1.94703463233424,0.776486998597287
7.55503737300472,0.581496323152623,0.776258674707926
-8.55850716422939,4.15162384890513,0.776127133641984
-0.885278132477042,5.53690577448611,0.77594442393198
-8.06458616543391,3.64013682201069,0.775820075170281
5.39996900862484,-2.71788021032084,0.775792496408181
-4.07404600288993,-4.21987022763396,0.775598130354203
-1.92263735862798,-7.18326741729148,0.775516751898299
-2.7889680979091,-8.36890993907784,0.775427954022771
-7.02731771566924,5.02787453685136,0.775157096061376
-7.07472005225455,4.77993804028908,0.775146439862225
2.96658836053502,4.80748433857377,0.775133420024057
-7.06565008190413,-0.686527439299592,0.774919003591939
-3.41874359220475,3.83773353589397,0.77427455302172
3.57441772518427,-4.27227031070359,0.774045790943805
-9.36994138503337,4.55167207612582,0.773985361146178
6.93964996081344,-2.6190361115085,0.773862807698208
8.31870330761681,-1.16353855836823,0.773496094729389
-0.0474417548097461,6.30815317722953,0.773405170313818
3.9569651033534,3.22220347641104,0.773033607440554
5.05448638997397,5.70560634065189,0.772960189904079
-3.75371970508496,5.79622817502818,0.772580379518758
3.54717555511088,-2.20816867665738,0.772407902302761
-0.459933185997433,7.59255822227409,0.771807085782033
0.154832101664788,6.98715252352512,0.771594499758492
8.88479577955986,0.646504887353011,0.771576090853247
6.94751958293211,-3.87754272953866,0.771180068094439
-5.12517282819065,4.70492060526014,0.770865958040125
3.52219669960464,5.4376600528657,0.770766259855723
-5.85702907607793,2.03986111173078,0.770755432086816
-9.95738099859917,-2.326046864343,0.770641613794277
6.70017042848849,-7.19016058979644,0.770543236396902
-6.11735142095756,-6.19180894221043,0.770489112538826
-4.36376702870289,1.33014188911579,0.770472239284601
-5.57147491163879,1.7399916904418,0.770079770660039
4.69682802540385,4.48976725342196,0.770058210755983
-4.32051921536292,8.82060525805494,0.770050479091825
-1.06277481647928,7.44574520428912,0.769963485427206
3.70813042701475,5.15860944723248,0.769946085766514
-3.90871830182323,4.56575772489161,0.769859690600724
4.99092470515843,5.64063017328438,0.76957849643526
8.39032907643647,6.00684060865456,0.768927927478704
-0.210245265070859,8.49647887954082,0.768926329913862
3.85108132576255,-6.27221984731282,0.768706992389841
-3.02949378927374,-1.23545400193483,0.768168470184493
2.55365506348252,-7.78963192652451,0.767692391136467
0.640365760438955,7.10096283469592,0.767561827302514
-0.088093804818238,-6.71312216074663,0.767368317569746
-4.97342543036541,-2.38058016946145,0.767227896499408
5.61402972905679,7.48437277075193,0.767163536187312
-3.06238576162593,-5.52933893969841,0.767068724673178
-7.85033080602464,6.58997150605966,0.767029726201252
-3.81555344953565,9.0441365399161,0.766968195265367
-2.26459498735103,8.45056724070711,0.766719863713748
4.67152056456316,-6.92154500326661,0.766506304839138
7.60750671824927,2.0662548996497,0.766168893300722
-4.83549994157237,0.661810921953372,0.766071829492138
-3.1586053586915,10.1836578054828,0.766010130487957
-2.73317342322329,6.43636844013593,0.765990553794825
-0.121935582539503,8.57097586320882,0.765859175719834
-0.389533811480758,8.6518107334787,0.765729287722778
3.600849501816,-4.57742435199148,0.76529068688071
4.77331378579413,-8.697256697125,0.765279928615461
-0.494182772360065,6.50161780562926,0.765252521668372
0.995243662110697,6.62117606691207,0.765216776920425
1.48652960751402,8.6875790998033,0.765155199102749
7.09193223086826,4.82398764176135,0.765132330043976
-1.28429906513074,6.79297492344473,0.765129814230618
3.05498442711859,6.76904068349647,0.765065553766273
-7.64088040616943,0.120113747896029,0.765062544833063
-2.51525710257484,-9.40500050264795,0.764961899584586
4.05192019679054,6.74954351818218,0.764954900989045
7.10094052788028,3.60645947107556,0.764757187060457
-5.40086369312399,2.83422345902589,0.764685031132331
5.56342759196843,1.892717096633,0.764632462947808
-2.88976739189335,3.00217002063278,0.764436403884053
-9.06421518533007,5.72982968749923,0.764385418016538
-0.367202103327512,-5.75395773389754,0.764242279012178
2.197700309275,5.30881690445338,0.764207391718596
8.08036093435068,4.06559425378292,0.764140213790219
-7.97335879718184,1.57640185344596,0.763994232524862
3.48018307221222,5.21369217771321,0.763798142483384
-6.02634986074767,-2.24520652636124,0.763709141254619
3.69533787850564,5.18116724388662,0.763663832694321
-2.35348406830424,9.55493864399936,0.763271192946092
-5.05590133553218,5.02980583136971,0.763243669558323
4.70473783355812,-7.31636196794556,0.763152786796284
0.656035320307105,-8.84183512968474,0.763145298188495
1.37970693259652,7.49391391779768,0.762964242176039
6.12558825200037,6.77967970242184,0.762959457517733
-0.273121989904313,-7.88216521122951,0.762897571024688
6.16370640972959,-6.31654079037188,0.762842926714492
4.26389434900568,-4.35782821143424,0.762705975664444
-5.28916612979734,3.16912591932517,0.762607723717512
5.04209710333489,4.80120046637257,0.762258121586463
2.66110175519953,-4.82486206917936,0.762252212380086
-3.31848651033444,-4.08842366561659,0.762192385341691
7.13052054766302,1.58333421636921,0.762074832058379
2.21891948286338,-6.1663256511458,0.76159350207462
-5.02243480158662,-1.18689820529816,0.761571307006665
7.66962431881401,1.81744730082483,0.761353243504443
6.05312443638132,8.26267258454481,0.761234264220812
-8.67662582499158,1.72691817266865,0.761157957712352
3.68271791248256,6.30277013050488,0.761152642628039
3.10795784495871,-9.22865102723871,0.761151435177966
7.34617857550125,-0.235490528522115,0.76110396758338
-7.77506369262465,-3.6208706096003,0.761050910031345
0.325036708786292,-7.34120170625788,0.760903834979123
9.80842560374464,-1.37489816262253,0.760841924488796
-1.66663311693132,10.5166408622848,0.760605868112431
-7.29851203634453,6.79479227422788,0.760490321467731
5.01699488122328,-5.64378915280692,0.760423796353533
0.0463740364612435,8.28783943068887,0.760041527504817
-3.57743094473019,7.8392372026896,0.759938534083464
-7.79979841869557,-2.39355514235666,0.759877846920108
2.4930298076741,-9.56814840725123,0.759667628162336
7.65869277775278,-2.02097825873574,0.7595934996073
1.04216832021406,-5.85591942735292,0.759589706924405
-1.94096167405197,7.28337146402744,0.759405660947515
-0.489901398317614,9.65043979320586,0.759343964330954
-7.76521772423412,-1.47571625523068,0.759111969191151
6.07718309243579,-2.28869532513788,0.759059648405976
-1.41879883298779,6.65594019024375,0.758973938794551
7.0668121581995,1.35712286503572,0.758895366327832
-0.994077674171841,10.4619414328027,0.758694275345405
-1.67637641897533,8.20969920924457,0.758413648853916
-3.463193166805,0.321756898075925,0.758383478910587
6.60533254451362,4.36966553324262,0.758355445301989
-4.02609606237542,-6.66526500983331,0.757540499600268
2.62502013890447,-6.03755739178764,0.75748500302893
-0.339453021063062,-6.59937219062297,0.757452495245705
3.92195352102903,7.29804662164206,0.757333042778954
-4.38532173625301,-4.83729676940092,0.756967482564298
-2.93139876237805,-7.83328638637489,0.756894888500802
3.06680699037816,-4.42373983995959,0.756565090280808
6.30230640178605,7.24343324135286,0.756462707105154
-1.82852941443609,6.30711696080561,0.75625494690625
3.44958555702438,6.77708276529705,0.756163351771713
3.54128456379219,-4.95178461094447,0.756162656412074
-8.71376716474227,2.42508343916209,0.755968129641515
-7.31870710627318,5.43330427160526,0.755529820310182
-8.02945327284023,4.49700523532921,0.755421527426164
2.31804552708877,2.94524993685502,0.755349644034216
-4.29726778437127,5.46847841425243,0.755162168937762
4.02484226128741,-0.0549306890573385,0.755000438534782
-1.1333026033684,-7.49398853475368,0.754897316911155
1.82788024911989,7.77422852520656,0.754860694772162
-0.494473499768017,7.53464378906282,0.754507685041596
-7.44143960190207,-2.49172014338595,0.754466079617375
-3.60324435610746,-7.92861364734257,0.754464372886599
8.60551143064549,-2.50641435738068,0.754381341266676
5.41487130365277,4.49947218271515,0.754302342984861
1.98066461479031,7.97902641151291,0.753834303457172
-6.9617933239092,-2.41391837434585,0.753506730771226
-0.63339025191203,-3.99996072948546,0.753328933376149
0.155753071592912,-3.96642464914362,0.753004244725911
-6.00255481902576,-3.0654939453064,0.752956597460433
-8.29699794144853,1.28580263262581,0.752887306074588
6.305629485198,-0.387420437888345,0.752775034100231
-4.83007543248809,-3.68189312173209,0.752672577641084
6.56185501403379,2.07992581141788,0.75222867503333
-0.995961279166703,-8.02601818042762,0.752201532492659
-7.72608209754711,-1.82548946182374,0.752176127427736
5.07692100677423,5.10476715299966,0.752146927101709
6.63763653974129,7.35311628046705,0.752115619074598
3.77789910555143,-9.99267770529591,0.751852190966216
-0.271396283739685,5.94596763286432,0.751764672678684
6.14882707710692,-4.19466489625527,0.751742183943605
0.0294604382102697,-9.3242608614739,0.751564520894198
9.26189887508962,0.790024590725527,0.751487033725242
-3.4890138876777,9.31933666472459,0.75148407014456
7.38572823869509,2.52658879641733,0.751396467631719
0.651009814533161,5.12764008119227,0.751375092767559
6.25468939846067,5.40370610269951,0.751274044392234
-7.47404033467617,-5.55887623695471,0.751242059379987
7.70707013797634,-5.67776754265526,0.751180560219979
-4.42457734398829,2.44243524525788,0.751107443473204
-3.50094571976607,4.27922977505481,0.751094518403915
-4.03769404547501,-3.94021528845157,0.751062398021678
-6.93074250644898,8.6001717411551,0.750993873947563
6.17518031991526,0.770735709724107,0.750979447258905
8.98373960311552,-0.561365221870274,0.750290537118784
-10.0289783783894,0.355279749064663,0.750206297939723
4.29340002814352,-11.2792536699225,0.750059378093739
-8.37069090617319,-3.2778809477302,0.749935623315564
3.79005027954746,6.90735434294363,0.749653965887282
4.75673512396965,1.67299743702156,0.749623569176416
-3.92950315908367,-5.00764341072377,0.749605726479648
-9.26081646595115,3.77670776770353,0.749534308150624
-5.95036397365429,-7.48246737768575,0.749353268765367
-5.44490938519386,-6.41865941412307,0.749303602489457
1.5121825079709,-7.48218860102473,0.74925619750833
5.68943386597645,-1.24885026511594,0.749233990490905
-2.32644776594948,-4.30582747935984,0.748900402828329
6.67367045750421,5.04183966409081,0.748881814220309
-0.458693145734079,4.3284680458466,0.748872583308946
8.92123360201781,-1.41154995083386,0.748405043862252
1.89079973969918,7.6303324099616,0.748256324634288
-9.05598108223012,2.684228503257,0.748179470902748
-0.873203933290757,-8.96294558690396,0.748141933810765
-4.89219418374246,9.39791289868425,0.748013438518003
-6.60354042181174,0.407559964112005,0.747645359719902
5.36911436796832,3.55883202802822,0.747526147404751
-1.88823062622088,-7.85215946333765,0.747502310941093
2.07731549452195,3.89356437375491,0.747458343033867
3.63794545846369,-1.22751226301145,0.74719747132135
3.09061695529132,3.49655788002233,0.746909022795303
-1.04851132687066,-9.93803765685272,0.746819441696925
-5.4715094658783,3.25398267751531,0.746798121823728
3.70052266160325,-5.40431248978799,0.746745228593001
-5.45618543053049,0.0500823309816333,0.746592883398306
5.70301409082582,-9.23277177842562,0.746547202016423
2.61994929952281,10.1943689274556,0.746432535373751
8.1267426597944,-5.07034570869563,0.74639021265831
7.33888831457314,-1.70563496119939,0.746369857665832
-4.15248280618512,-1.02135312960696,0.746117609246422
1.04080423468899,-6.8360952519272,0.745989608214044
-5.10084041924448,-5.57603136754559,0.745618523524166
3.47147622957762,-8.66544481725389,0.745557813129518
-0.998059158346595,-6.72469497357139,0.745296529608191
5.27130406243829,-6.22564840663981,0.745292003616882
0.135781387336231,5.36719877494341,0.745260077216209
6.94554444747947,-0.171838633548363,0.744978367674252
0.398422994788517,8.76174892236026,0.74482256572947
-3.75745265994105,8.18804309025699,0.744442306115037
1.55194503086818,6.53159488853909,0.744331970374278
3.54950932410608,3.44329420815703,0.744287193424932
4.24317552229873,-0.985792415939395,0.744229365142754
2.26311943541421,3.54169407931218,0.74422476252545
-8.29612685712293,6.27634864176262,0.744182965629994
-5.55808453079352,-4.50201532896468,0.744132414841355
-2.91577161290385,-7.94170806912952,0.744092813152527
8.20245920827613,5.61587751322837,0.744085850979882
7.12000055181001,6.97148233542246,0.743884763749655
-9.21837063698612,-0.737628637993988,0.743669166915688
2.13271525814094,5.84622570307787,0.743395927207243
-0.555152647300632,-6.71375618093155,0.743245231357932
-7.86313139812981,3.53792679396034,0.74292608407282
-2.58968698577173,7.06324978274182,0.742837631979499
-0.175676979688647,9.90209951904842,0.742824137784057
-1.78947528720116,-6.87821055885978,0.742659190172436
5.85418780004696,3.09660832032931,0.7424289921789
-5.58601553847296,5.63129408818237,0.742331176140523
-9.04249936898129,-0.931964909728627,0.742320460547469
5.81957791141934,4.65373155726137,0.742104361298946
2.35901958267788,5.56576105737215,0.742041870552028
-6.77146702841201,-6.08810636180731,0.742041399675632
-1.36042642142093,6.89884798417122,0.742003835290736
-5.06835480235338,6.00442541921058,0.741608700408688
-8.06155208706483,2.25434942633691,0.741591202500398
1.89490488767033,8.8473544233513,0.741536245255348
-1.10114091716699,5.79900019869127,0.741395163538382
4.91925366763892,-5.50518378217046,0.741388067082944
8.23931290432556,2.36886401501307,0.741318031530373
3.53141905431036,-6.09235141774166,0.741050702729665
2.18975409680065,-7.89085659875704,0.740964014990391
-3.52851212864038,-8.72112872732904,0.740753005946437
6.41679048693471,5.9062260134368,0.740663279683474
-0.0211780869535856,-10.1427676554681,0.740560775173535
5.20463528818816,-4.2782199119082,0.740359346575865
-6.0030835682232,0.0572459007045279,0.740311643283049
4.93799722786224,7.86668971193498,0.740076003965662
-6.58659899316263,-5.77307129923472,0.740069746384106
5.17583825413252,0.919705648819886,0.740041206963513
-0.19296958979921,-3.83859270615858,0.739758360700467
-2.40358159522293,-5.53969088526328,0.739739060439441
0.0455452383815657,-10.2677568926029,0.739736836546448
9.48467828195406,-0.982442573550744,0.739611432842979
-5.56851760231165,-1.0341587655659,0.739376992695885
2.04349383953429,-9.66073015345102,0.739361370455802
6.51578344173079,-2.37569355700373,0.739345215129407
-4.15472224585768,-8.88184211414894,0.739131012986924
2.66945007080635,-3.92122308020309,0.738956267934683
-5.21608461230716,-6.20870524995554,0.73843559151804
-3.80831001833118,-6.24285286646034,0.738208939179148
1.34824639955542,-8.1432808951459,0.738150483419113
4.93899012771692,-7.27350223029865,0.73806282071029
7.0566301944014,-1.97427619572975,0.73805620691435
-7.33406948075291,4.00056247309253,0.737763158730112
7.59133191515411,-4.70970555676905,0.737466809301132
6.34703065003938,1.90021217746683,0.73713063809169
0.501859922436487,6.64409845063036,0.736990290787553
4.09745725688117,-5.15947081261144,0.7367741883669
-5.99429480885971,2.95636733795842,0.736740885176364
-3.13627305523955,4.91142338612952,0.73667614710843
-6.72014451834534,5.72668235415384,0.736614284501105
-3.45688431733267,-9.25234391050127,0.736487598224883
3.39919654495807,-2.7980181748696,0.736464168410778
5.12587577766283,4.56212854021939,0.736300136079504
3.16269961671042,4.31890776207179,0.735989172371536
7.89099262302898,-6.04422292182791,0.735151995644328
2.06010658310315,6.95815744209454,0.735125994187704
-0.143684856700856,4.34344225031628,0.73496693461495
-8.61364874834218,3.07350151979212,0.734897498532327
1.0261062915467,-4.84215173313368,0.734892612470487
8.69344566030603,-2.83517603972504,0.734875862675252
-0.708626431213471,-7.44433773439601,0.7346728488495
0.545621727961412,-7.5916394024863,0.734242875671301
2.25633351108624,-7.28565521975016,0.734234170094011
-2.81523046435863,-4.36877972519912,0.734114859059607
-5.24473087122778,5.51303499879392,0.734006461374729
-1.78319688079299,-5.00898731067388,0.733851024457162
-7.03570900453691,-2.13478224742068,0.73380020246501
7.54442164846366,4.64255741752552,0.733689794315781
1.02283861654866,7.96625893018158,0.733624664919412
-4.32699981829688,0.812870750940748,0.733493921779885
5.07826977108489,7.02732914668468,0.733438793034531
0.546873910413735,-10.7000958114193,0.733430767163504
5.21585712768862,4.09279679860048,0.733309381490582
-0.423293391919172,-5.35767780843062,0.733251939632713
-6.5745542305044,4.19203228661658,0.733216241015931
-1.41105536878671,8.01183989776222,0.73319127561928
-5.18156290824556,-2.99299504567258,0.733160820285953
5.68806472707963,-2.71727550955318,0.733139107534686
4.04924754277301,-4.9925569515209,0.733137226561334
-6.4867169798499,5.29586824730791,0.732824334601352
-5.0408463919262,-3.02740882362292,0.73266746670417
1.65700957233261,-4.62786497800759,0.73258032314224
6.61765386990858,1.31720997570105,0.732571923609384
-0.084194199878723,-8.02474819896839,0.732289693271591
-8.76725410936966,1.21518482843774,0.731965312724229
-8.05609840902701,-0.600469755440551,0.731462465743695
-7.33166012602875,4.42421236045881,0.731214267069085
1.32243762826454,-7.50411365615743,0.731161463800069
-5.96612178924338,2.86003179780526,0.731114558619676
-8.6004445671444,-1.77760168977524,0.731086103133274
1.45819637953426,-6.4505322249623,0.731045797184854
5.32500589437391,-7.65188178947746,0.730940609030289
-5.33102821660889,2.72601990057527,0.730780524571165
-9.15943387438297,0.267675122820901,0.73075627406534
2.4069282130842,5.77611641100125,0.730710962565845
7.20800040485697,-0.572074404406792,0.730693255819203
-3.615770921971,3.83933229630865,0.730667795791272
-3.30228640076015,7.618286039616,0.73044702696888
7.44001946704946,-7.33369628833884,0.730442761498261
1.081261244691,-7.20802023492499,0.73035158098538
5.64447693173863,-1.78949216492674,0.730345092410833
2.79582312569729,5.29245263649384,0.73013678136666
-2.01722940642223,4.9430511232809,0.729877870902618
8.41263773892059,-2.03404790588159,0.729822076175386
-4.7788272603567,4.54580051476166,0.729612901806656
-6.09724135242577,4.93564575621945,0.72957275701384
0.0801340638111968,-5.42416076600411,0.729389150840148
-8.8576301274693,-8.59527210103706,0.72936663819243
-7.38045628505086,2.82503243726944,0.729353027824498
-3.86316213418226,-6.95720516032569,0.729335765035401
-2.69564078908011,4.15124453191916,0.729067770580663
4.16288311099672,7.08877783316226,0.72897814464307
-2.28342990993322,9.55829343870715,0.728943853571004
-1.12407411729967,7.74926993622194,0.728648884600227
4.83820032374022,3.8679529128226,0.72864346254644
6.64487243664837,-3.27755432010367,0.728105975914418
7.49831104681639,2.90927108133144,0.728089541680371
-10.3747799267947,0.720517019100214,0.72804441354659
5.69727955105221,-0.478392491627658,0.72797758727688
-2.08017571749785,6.41869928228483,0.72776279514165
-2.46936094025263,6.46297793783461,0.727719265184148
-4.11021255996626,2.97433452472643,0.727698614351369
1.47963799304202,7.02659371127469,0.727688067746945
-3.60276648913607,5.46930660770028,0.727482721990593
4.06895431274483,-9.36246639846281,0.727411896777749
-4.22754368730271,1.57173189097859,0.727328526527617
-5.50342462109819,-7.5627656173208,0.727002809163325
3.51195255547187,0.814702606221771,0.726945462162645
2.42143633253084,9.96863676596291,0.726718939086999
1.49974059573298,6.9556541645533,0.726608437964722
2.03727982983454,-5.80758430694591,0.726490389282989
-7.71081535648158,-2.75237592130934,0.726419151437117
1.83159321762874,4.78330072067576,0.726396999113665
-3.98470314710259,7.0569335557025,0.726219992955171
-2.43974057003742,3.63145475103767,0.726105355712666
-7.6818125219974,3.96927528412855,0.726054312652625
2.56205188259107,-5.0206604892635,0.725953097789569
-6.69323728656221,-5.09167549558235,0.725700817216243
7.17018900840138,-3.2525927462196,0.725494202589436
-8.25734910258277,-4.90094305202779,0.725232101645274
0.803672519763133,8.53904182927134,0.724843060643175
-1.64053918036015,5.75492916317831,0.724824500084154
0.220411730288262,4.57087958965749,0.724714582257695
-5.61075508220606,6.74575260820901,0.724682413367921
9.32946312171197,0.20419622986338,0.724407701016764
-1.17135057620129,-5.98974161249889,0.724403637725324
6.54001346955261,3.37364820700847,0.724358494495551
3.67646069555305,9.72711101262001,0.724245588272446
3.07575013930494,9.13371944787085,0.724159963540307
2.95439031670164,6.22935790662924,0.724109627753976
-5.95572197412942,-3.86483075987817,0.72403361557704
7.20282682487944,-3.46912806618525,0.723916850631286
9.35914767455115,1.64991246428848,0.723909353694304
0.2868847557452,-5.86265330865784,0.723781401109177
7.29607743199086,-4.08752817772824,0.723610000295389
5.05204382947635,9.18297409394222,0.723586222409854
7.45332968227484,-3.7787475843642,0.723580167154373
1.866400976886,6.76194507768897,0.723451778983779
4.53474606910693,9.51312581544274,0.723272397002402
-6.84387037516183,-2.5749208206205,0.723260258924097
3.60151923538766,-3.68406307615981,0.723229892227508
-0.0944878265629393,-7.73060700577351,0.723092718692199
-7.56042456411509,5.88814533257808,0.722802595003039
3.40781502754299,-6.65680043922189,0.722761790063347
5.47516949687849,-3.0070161972135,0.722013038509301
8.59112073917052,2.52854717617255,0.721858226219125
-8.61039431718438,2.16503252513845,0.721786833240389
5.55590686157478,-6.3780280243837,0.721624023260429
0.949596095581919,7.02641008937962,0.721537697936705
2.27561143800274,8.37428618098746,0.721534377863433
-4.67136158120717,7.32514487603323,0.721465775313131
5.3124719448014,-3.96888798291086,0.72114854984788
7.92497838598036,3.15672698945286,0.720954656620944
-1.4286557834826,6.15905857755371,0.720751155796877
-0.93276773679454,9.44073442005564,0.72058403767948
-6.73848679534748,4.12472104316731,0.720544432944948
4.17776682113394,4.78724063760256,0.720409288417919
-1.5177011086278,-4.96728579682029,0.720003896911809
3.64986884347936,-6.61172250696996,0.71997551278188
-6.87389558737304,5.10341415802645,0.719915883911771
-7.95971334602921,0.446649600025261,0.719549073073453
-3.90297710012191,1.71695941814653,0.719528034500835
1.99461538686878,-5.38345221145658,0.718852743872103
5.11790166720229,-6.5424489241719,0.718566149022431
-6.92580508517891,0.438126166426998,0.71842802539835
-1.20367161272961,-4.65019313929868,0.718386017318813
6.4050699595623,-1.78196600303571,0.718038844732611
3.0165985127928,-10.9295047217215,0.718034082512635
4.57292064759044,-0.0766930092587616,0.717890554960193
-5.68564554476846,-5.3848161835294,0.717789213146307
-2.35946423702716,-3.14188257828571,0.717551357651181
4.41992941566454,-8.3863866855229,0.717523744331213
1.8492886710274,3.21677964334152,0.71733008697864
6.61772136761458,-4.42413341266441,0.717126736181223
-8.49715408551426,-2.79844629858375,0.716095475487958
6.4375430425049,-4.79153712826253,0.715942681658117
7.37943205821557,-4.79001928367343,0.715877972001147
8.21298886057142,-5.0315855896177,0.715840110758723
6.78582740700863,2.76915969213191,0.715606821923224
-4.83071406924877,3.54455794036096,0.715272168806056
-8.77849023800564,-1.40328439449083,0.715179205002109
-2.16214311741214,5.79277445282266,0.715109422946038
7.95820877029441,-0.95576211420694,0.715101521604517
5.3529600502296,-1.2336676245685,0.715015400459196
4.89825573063371,-7.97048934855818,0.714958450522882
9.51711313579957,-3.71216420219528,0.714647836341074
-10.3251115882185,-1.27203662794947,0.714376963243802
-2.71359150667009,8.75704684936897,0.714376539818654
-3.14972844516992,6.294230414888,0.714175027783789
2.50854378675146,-5.24508425635576,0.713895323270482
3.7683943259308,7.33868228084654,0.71385129175452
-3.2650255053034,7.17696465573932,0.71375943414672
-0.53335735965551,-4.83394858930911,0.713420884235163
-7.25942228372749,-7.25115984738971,0.713329633165504
0.912037989208328,7.55527227847555,0.713246770983787
-1.19952793721192,5.16782358728845,0.713154795138131
-3.34040560188545,8.0218443279441,0.712759295827468
-4.92399674321835,2.16209285723037,0.712463891568862
2.14344675255765,7.45358320953164,0.712341588623646
6.69577936264767,-4.97064143207607,0.712306771503238
-4.55034967857611,6.54935509729911,0.712222165820205
0.567846551090804,8.55999641949435,0.712115328332838
6.20893978686235,-3.78050207003647,0.712000278263424
-7.30418053449077,-0.406893110766387,0.71193740262266
-7.15976578541921,0.836183958897399,0.711896511911596
11.0577081885502,1.79117283926969,0.71182432004761
8.98463570609173,0.384601961568033,0.711647722489241
3.63030351422685,5.7339357762905,0.711536611157335
-6.10760608145603,6.81435819015974,0.711464077278197
3.65676852429582,1.40545869178968,0.711326562939635
7.87688480549223,2.05261838227839,0.710801782611711
-1.65395168268987,-9.49152805202247,0.710552453026874
-9.94834255673891,1.02337631562584,0.710537748795263
-2.3000606400186,8.12974732544991,0.710422018747155
-3.29759575645131,6.91672421565621,0.710393686542081
4.29218868123323,4.29749209767969,0.710310039117415
-4.81682357786601,-1.53268957305184,0.710243502916808
1.1389725722186,6.13047780217908,0.710126807278393
4.79830961131743,4.15449052998532,0.709836118836602
4.21525229134941,-3.92408993479639,0.70983511662343
-8.09001553478443,-1.59730537504955,0.709603481531519
-4.63134874699428,3.4675846328153,0.709598136399515
-7.07313560803541,-6.08200322942084,0.70958731650887
6.40988393233387,2.21748114764447,0.70937529015729
-6.30175491469657,4.60979642768238,0.709354483003117
5.10396281692787,-5.83710353231176,0.709173807964988
0.658045871592425,-8.22665828124726,0.709137791161741
8.92580893161754,-4.94139416666469,0.709089323201952
-2.73653700530117,-2.99590253326981,0.708900562003749
-2.30648408541056,-4.68294918632223,0.708752030490169
-4.97803754926429,6.70999373390669,0.708679330753145
-5.40186044433029,5.20982936568188,0.708613402275422
-3.27737579931029,5.526338443173,0.708440628620761
6.71880810395696,-2.66813806280404,0.708292943339395
-0.966405342606135,7.97348914255444,0.708274927655041
1.97148089599736,5.75346896427925,0.708243989277606
-5.12165631535353,4.95434536998056,0.708222254807154
0.990676491658276,-6.71784716555543,0.708149722618626
5.53261641481333,7.05499773903803,0.70805141512465
-4.43959247261397,2.21205156674962,0.707854324129022
8.98016726880285,1.96596040652666,0.707708239020557
-8.0793125586591,-4.41487261379728,0.707483765117127
-5.94467159203861,1.32437531465836,0.707364865354605
-0.481113413841493,4.41763639321211,0.707349815215401
-6.44788137751742,1.30752710363547,0.707280555471452
3.27105087661909,4.60526011563263,0.707280548975768
-5.11456252967799,2.02895089711097,0.707112675970991
9.06507087028032,-0.666208987708179,0.706992987686206
-6.94825013239925,-6.59243211467807,0.706890774738206
-4.96997689752348,2.66766956608941,0.706849733223497
6.89295424899728,4.33720579469676,0.706744100005386
5.1771218250054,-2.00553023272991,0.706731558229795
-4.2665260108536,4.62402801842629,0.706567200624115
-1.46338960901962,-6.41568006192133,0.706300537683136
-5.83685918179402,-3.76929547699234,0.706157770432615
-11.2006207200471,-1.09305778897614,0.706150235250481
-7.55856390554488,6.89696851670005,0.705988777593284
5.3443620702143,0.867347235275747,0.705977179129183
-6.94211360433325,-4.79997975272749,0.705915191939774
-9.54239873839406,2.25560715119239,0.705402636894431
6.42620998440276,-1.20897675671135,0.705050451657591
-5.91713506611052,7.9312077629541,0.704800160240462
-4.20808122214002,6.81097857273666,0.704795832397266
7.3358995993645,-2.007870947738,0.70458264690192
-3.61947107828601,4.59430643074536,0.704473361006391
5.47329660252054,-5.98313361263943,0.704378363574957
-0.551438640391056,-7.54243241403145,0.704344688216468
4.55625436357342,1.96586325061979,0.704177303362926
-1.60405097107144,-9.11604943175851,0.704149442433831
-3.52697683101344,6.79579442423127,0.704015326531266
4.44770280945635,4.28915923674666,0.703998740628903
-4.72698818035719,-3.04855344022176,0.703909287286752
7.69510163233034,1.10928208962,0.703854168022319
-5.55256844154083,-7.58601620856218,0.703383346362437
-3.98463305894069,-5.96915799678145,0.703369224372984
-9.81914886687028,4.77584409942593,0.703350174441363
4.34663091743568,7.05446271542296,0.703331502837099
-1.02655521785357,7.81527889423015,0.703291541949187
7.16076990261846,5.16189130382432,0.703242045000163
0.567768327628142,-6.3427219880234,0.70323681141989
-5.16005033832233,6.77634980840313,0.70278019999984
8.3152108982283,7.06562837488159,0.702655354253591
7.79173353883426,-5.72691249135111,0.702469662731747
3.6918644517493,10.4511815726343,0.702283501797223
-0.223176666315801,8.06390167454277,0.702107722504671
-4.0373253400347,3.95614254199233,0.702083762437695
-0.0437141536752076,-9.35272559867425,0.701734088024241
-1.42256957264764,4.81715813881592,0.701696501575388
-3.99581089421572,-8.69164276044831,0.701631387534654
4.44543793013252,-7.68729806662395,0.701593316506463
3.43063373068692,-4.86678112412434,0.701492720980072
-9.48155033815146,-4.02872065694426,0.701302131955912
-5.36797665542542,7.43330549580499,0.701244076914276
-2.27587569395063,-7.73127886558553,0.701229630032573
3.35685389294391,2.9283170722144,0.701133387988534
2.52227910895467,7.53231065228614,0.701051149521355
0.719100521497514,-3.97844339449833,0.701029210249268
-5.36642757243398,1.39299968625649,0.700823948793352
-5.77367672991043,-1.96988919600485,0.700752828919335
4.96102178754394,-4.9469931012415,0.700646209582001
4.27198510113615,7.78363587172354,0.70034673493429
-0.263768423257195,-4.75440392417853,0.700328693560689
5.01661066318613,0.91920183992108,0.700138862374241
7.40774630811733,4.13370711111166,0.700002508373325
-1.30259857926214,-5.56564515421047,0.699975866015839
-0.582452060634357,7.91788516944175,0.699968237075941
-5.60488743297594,0.7469591570397,0.699908627696322
0.544389305926236,-6.87318448211581,0.699716296544841
-3.9165085064485,-6.60945552065952,0.69970898573174
0.81116140617264,-8.21889480714285,0.699242401314341
-7.98344932421727,2.23435171843109,0.699208471278961
-6.58182095331451,-7.1715536348593,0.698999858873723
-6.90220499519863,3.66785812570942,0.698970799432651
8.56403576883592,0.265128408330236,0.698944613800085
7.19382682219064,3.11698288818369,0.698915400357809
-8.84039130376983,-5.10144346603681,0.698668091012146
-4.23144608192673,5.97218595818309,0.698663736499675
2.21227951886403,-5.26535280869295,0.698620748356404
8.73861265731133,6.89742746761492,0.69861092241399
0.698194862622969,-7.87209774782814,0.698509654592256
-1.30331977417889,-6.40224135992963,0.698019649917815
4.69063921706126,5.58697417089394,0.697957348402396
1.23372572803153,7.67127874965043,0.697751276763128
6.39497583044655,3.90803763344223,0.696977240517913
8.30752685055221,4.40807687939788,0.696899321380406
7.56579063087958,-6.06737996503599,0.696844226664441
7.3864844256719,7.14926760914761,0.69681400607967
-0.456250638203488,6.68688503069524,0.696787313590828
-0.911777386121903,-5.2525103169036,0.696771768020354
-7.16881898264824,6.98144758420101,0.696580397971804
4.65791822313067,-2.38780391261606,0.696338816213553
-7.3577233846079,1.9739151190261,0.696314680496386
2.58552248776522,-3.48939596115565,0.696032648007446
-7.93424696833462,-5.8398225213327,0.696021749171751
-4.87200852798506,-4.50907566725415,0.695970144184412
9.96239302404389,2.05138661316375,0.695891983841894
8.73032168977874,4.81388011351935,0.69576766569256
7.6863722133383,-1.65208348893243,0.695602763609681
-5.54863002713421,2.53743614759498,0.695553342373082
-6.06587562140634,-5.90696643892941,0.695157735406122
-8.5220024220115,-2.56995288859297,0.694918333920992
5.69460204807265,-0.130979430369929,0.694640603365979
3.31679443124946,4.00082609373617,0.694523483196039
-7.58866727951027,4.33025647157102,0.694466574444586
3.37618997053783,-6.18876338426632,0.694420096676883
0.208621224272444,-8.20170333260619,0.694412775092333
-5.71174037949394,5.24256433885257,0.694395909237965
-7.40291503135453,1.44780708507175,0.694372442862136
-7.2540689213844,-1.81596780531562,0.694355083093316
6.89994170648612,-2.25928884109771,0.694345661631761
-3.18549496574827,8.35942682975513,0.694017677556295
-4.95610938096362,-5.95856179194811,0.694007806469816
-0.406689223167686,-6.46420440208935,0.693935084147031
-2.42850681843063,-9.11445011673752,0.6937906538462
5.22781568701265,5.34177213725109,0.693734767808591
-7.81582846387595,-3.41003437899036,0.693720482403031
0.0245410117618424,-5.51875043642215,0.693633417607535
3.28271485842341,-5.76170464056811,0.693198412362424
-3.19213760935218,-4.18157391223602,0.69319770970319
-7.4337085200562,-1.53494981618626,0.693017400319331
-3.57264383581098,7.03648505612066,0.69286871340535
-6.86939558922534,-5.57503614821698,0.692788904803275
-10.7224726760742,2.93308416617524,0.692300285298414
3.18545763611685,-5.18332274828782,0.692076792618639
-4.53608307077464,-6.61724299478122,0.692020224208902
-3.37134386755197,-1.89021123605118,0.691917013786255
-7.7128239296738,-4.31224798674721,0.691864582865405
-8.31282153818228,-1.25600560332555,0.691637854356512
5.24454580955214,-5.74853211143581,0.691537420324298
-6.24446312762214,6.87100654617562,0.691508071190775
-5.87151420778134,8.13408896731525,0.691502719398725
5.16028297378061,-6.85909856046896,0.69149700778959
-1.87555733451768,6.61153887706561,0.691483192374269
-7.38211973797173,-6.15372352016739,0.691212747601884
-0.547208262948837,10.0851340618521,0.690882159143447
-3.26816968826238,-8.80700408023914,0.690783259644434
-6.70201978538241,-1.59485149460473,0.690556732862127
-0.320289328144351,5.76233876767151,0.690239601868361
0.99413941112337,-9.69241015540848,0.689837465889939
8.26977760133366,-6.12342850662405,0.689330278759504
2.7974226914615,-3.11404322892605,0.689197140410592
4.44653154761979,-6.14029815100824,0.689062320093912
-4.88765943419811,-2.8219184355667,0.689055597512502
8.11238006897311,-1.72398370362315,0.688909444846294
-2.02467395433132,5.12885404378115,0.688799592596032
-1.7191726757053,9.30375208099686,0.688778552998314
-1.9785563880554,7.5588685902784,0.688432893788168
-4.00247462240011,-4.24924934583415,0.687925038415965
-0.828604741280514,4.21583729391019,0.687866287160202
-9.76991707337481,-0.483184353735477,0.687761800773876
1.54537587704689,5.14283358924332,0.687615077102764
5.94421955160544,6.89627691418988,0.687340042374075
0.157889039970878,-6.39129885574945,0.687059292168978
-7.98648817722667,0.991701051146895,0.686808722555999
-4.84893065480398,-8.73278818151701,0.686782242256762
-8.55591792159968,-4.2796023649998,0.686694081451413
-3.1767076925351,-6.51231181343733,0.686617536636708
-4.46339108224155,-4.74474028484098,0.686347376296096
3.51263137490476,2.38478965268416,0.686288407643487
5.73601101719418,-3.54953384864949,0.685762999183065
-3.97899482390827,-4.47340312153558,0.685663664794799
-2.64047176867265,-7.22719806111726,0.685591054738613
6.27719655736751,-5.6775243354496,0.685555779909691
-3.49354815167561,10.9454710100086,0.685503580711824
-4.00453592893162,6.87670630573018,0.685466078831584
2.14977552489782,-4.81501766581085,0.685429859576434
2.50074184255731,-6.45003933023778,0.685156962796735
-1.23903656639576,-5.52323659220209,0.68482065580524
-5.784378849617,4.95343499340868,0.684787914323388
3.70193282464703,-3.01451326423711,0.684344364970646
-5.95820726010834,-2.45047860360664,0.684208955041488
4.25587574024542,-6.81879021851877,0.684161302942956
-4.47687016660339,4.81581424596227,0.684156073063908
-2.03427125108685,-5.52426465144963,0.684063050819394
6.13550080682979,6.14092519737649,0.68379076417847
2.76355511753275,7.12685001168896,0.683782565217508
7.31901042163856,-7.14737428495192,0.683518004974883
-5.04665769322286,2.59883676024826,0.683426449763587
3.19950390241811,-5.8871936509533,0.68322359237145
9.14804817915242,4.19573104862301,0.682976502402409
-1.90960255265287,7.6271729521762,0.682896771615313
5.65147119454769,-5.3427101335186,0.682350849604806
-4.61893426747418,-5.83994950471787,0.681976724247646
-6.74144862006957,1.24457100950716,0.681636318622687
-1.9639315377981,8.88318050558794,0.681606529318116
10.4051387548215,-1.29419514492362,0.681418039761369
8.27476125770843,-4.26985669313643,0.681327209173637
1.3299893529007,-7.08015449538512,0.681174991685744
-0.128204853383813,8.23417265064935,0.681073324440211
4.7682087564338,-5.67028718289221,0.680903508836603
1.9229801603701,8.56961461083444,0.680616790827208
4.3498224509902,1.9623232191877,0.680609312479343
-2.78541598811636,-9.43521104143868,0.680469734957821
1.03079816146439,-7.83395275060242,0.680355067426355
5.004784618333,6.66339551491823,0.680180722910673
1.20937157189491,-5.41370538152792,0.679699102438737
5.46496483017505,5.55957382172781,0.679230724892789
6.78241692612022,0.811443841850671,0.679122069657183
-6.70588271132346,2.43774799338359,0.678916974419153
5.89529380945537,5.03916606658843,0.678901947307747
-3.27129167114258,-3.62445083529854,0.678882876674211
1.36472759791699,5.075904128944,0.678732626294031
-3.74327791665095,7.23547785036856,0.678405356532498
5.20452338058581,3.53793192673197,0.678228515099715
5.76133858588882,-8.74937578443382,0.678106229231502
-5.10759219956089,8.92708211637309,0.677918640281409
7.78906672795925,-0.975869617607738,0.677917150491034
-0.904146948411103,7.45172079806856,0.677872693498805
-5.09272807992367,0.0666219320183649,0.677772424534197
5.98731699478599,-1.79469123286194,0.677738466705639
4.85188268758057,1.37727831345776,0.677726586602351
1.81451885984171,8.19062985231901,0.677712290588215
-3.88420131627077,-8.64658514848173,0.677711993021486
-3.25856290960458,8.487020644255,0.677337832811793
-7.17945696609535,3.37375108185133,0.67718617101823
-4.63924725504031,-7.43646222240124,0.677179259185879
-6.64951055500341,4.05051739704642,0.677178111820139
5.08793855578884,4.1144548753143,0.677021490134693
-10.1305769774056,3.30257030161048,0.676946081784849
0.651229036648881,-4.81205597504363,0.676760991918107
-1.47662981296526,-6.26116869251031,0.676690772889844
-10.0774347478219,-4.31782736715061,0.676674047657486
-10.6103789568442,-2.56434991060293,0.676281296330648
-5.70698309351427,1.63268048394887,0.676156366440687
7.90308947697786,-0.904312564267437,0.675974501997182
-9.8819183514313,2.60777651011928,0.675953386505792
7.65814991045264,5.47328850881932,0.675797709825506
0.689834272632614,7.00192561249592,0.675685445600318
6.75174541525889,-0.364228261218049,0.675494276620703
8.50463348758693,0.353058652233288,0.675352317732732
-5.2731050373373,9.92706803360447,0.674536356782484
-4.96052070618523,6.27959524798845,0.674362022071163
6.6634504392427,-5.24319216306487,0.674346920277973
-3.32656113528423,4.67015442641783,0.674118248116097
-6.63275181172338,1.97363781902534,0.674071659628918
7.9098012341258,-3.08497843603947,0.67375100373235
1.74567313349592,-6.90145261845801,0.673497642936511
4.00661923495069,-4.35789270043735,0.673449544562252
8.94365150195961,2.96821636588832,0.673290595004587
8.71126842612209,-2.32073431441388,0.673222154108327
5.077966895007,3.56651270251821,0.672575529311892
-6.79965211243797,7.5104838779192,0.672333640907134
-5.49517857938617,3.91891609271032,0.672230058839104
-0.0311717212864727,7.86558416483248,0.672150032682747
-7.42845111796467,5.32927996127457,0.671751582487474
-3.84353454467302,4.10408382781768,0.671716445188779
8.74166155820673,-1.18382731167928,0.671643388887249
1.86248926698606,-5.22879513654389,0.671523663527735
4.20424755359597,6.37704185786155,0.671418611038327
4.7595006486164,-8.01175317495542,0.671364496749828
10.1422099186076,-4.39878492346767,0.671360619651475
7.00767739271029,5.28999894563666,0.671134418227918
10.9368400349283,3.364758231541,0.670886725181394
-6.49929317958372,-3.40814665377448,0.670875277995648
0.863384166508488,-3.9577442603867,0.670588046193084
5.73312578423998,-7.86048455329232,0.670547242784425
-10.5894050597049,1.04407671804677,0.670433463931282
3.18752785961079,5.43676426277702,0.670381697332992
-6.79658831791526,-7.23958956432641,0.670208756956523
-6.49309258559668,7.14670688081594,0.669695904270229
-6.5303634604388,-2.61686571447403,0.669471542628793
-5.40017230136653,-7.31565776346998,0.669466775813618
1.42908494571513,-8.88561520334539,0.669446729348912
5.21610445106559,-5.864349156951,0.669423003525233
-9.15544740229664,6.18640876274665,0.669418838094127
8.94158328427626,1.06770573393852,0.669082681746772
-6.26355949572542,-9.55962053903688,0.669054410363979
-4.96668349008749,2.55427165702018,0.669021260958339
-2.28695102185071,-5.88224664916459,0.669020280332321
1.09619201347156,5.51361963054856,0.668982907139072
9.92916916326474,4.22821271947455,0.668694755003631
-7.86204891078317,-4.71277576370893,0.668686942928869
6.72054417112806,-6.79717477744572,0.668674995886534
-5.65225451495088,-0.617777769752941,0.668591647519101
-3.50132014320204,2.32412845110983,0.66812671438792
-4.89179554640787,-6.637645710601,0.667841496947463
-2.49734021224712,-5.43198020616101,0.667839268767989
-8.09325000079274,-4.17612377671896,0.667714202448896
-8.35981117956457,-2.67723793437388,0.667511592335723
-10.8849586450936,-4.71779533978032,0.667371014114697
-4.50761164607924,5.77940727443979,0.667344421160872
-0.696098974317044,-7.59962753080568,0.667281790473923
-6.41930100183676,-6.64215749610044,0.667262878386301
0.770298904334947,10.1619755759539,0.667050184753
3.22675737935914,7.1826526870595,0.666927372765293
4.34727931891798,-3.01243577128004,0.666856421107143
6.96211453911885,-5.28953736184378,0.666837913657625
-6.75376207223692,-3.76743871316997,0.666821594017971
-5.99857584404202,-3.50604517419097,0.666606810133901
7.87080140397202,-0.248544141370627,0.666334171177922
-7.50453521076494,6.46843495352426,0.666311710787257
-9.12117556225527,1.40344341200229,0.666130184314921
2.62817624168067,-10.0488801095045,0.666077348519329
2.97500443418695,-6.04428731382963,0.666033059855045
7.11586699864969,-2.63459344186525,0.665768492445435
-3.91707485920637,-7.85269321245197,0.665748963658953
8.54777433005084,-4.23052313345624,0.665418854500919
7.26969141697654,6.24664569150604,0.665313402073456
8.28207617642545,4.54696089890016,0.665286374189747
-7.99733451836905,-1.72301050735439,0.665255402227484
7.79666528628655,-4.42628126100488,0.665200688317745
-6.30769784741087,-6.96469223909181,0.665089878704503
-5.62244300772015,5.74069518423544,0.664965054723193
3.50321600033619,5.98196838961325,0.664934805726528
6.90254121714367,6.92494913537104,0.664601630114051
-3.83496500219957,7.75503646842266,0.664565930097996
-10.7989708171814,-1.93111105195643,0.664366273344325
-9.1694537656658,1.767115523309,0.664130511648998
-7.69765094918133,-0.214846995675255,0.664026242752432
-8.69524560302111,-4.47470613747864,0.663995968393663
3.49462542683649,4.44185388807167,0.663541186727627
8.21428752588321,4.56875476109209,0.663469105976328
4.83325004533073,9.86784151230701,0.663150180339144
-7.08277538471446,2.84909129224606,0.663006853360144
8.87131182298151,-1.3281864630134,0.662806483149863
-6.52112868973795,-6.17713594919082,0.662639662092375
6.47948677907455,6.33890180889652,0.661906173439307
6.47311040186552,5.23876539690449,0.661883739484616
-2.12202177314815,-8.59878305760342,0.66184918846144
1.14855246634357,-5.80395188202843,0.661794202094938
6.29902811329616,-4.32824296330313,0.661475146718201
-2.39261117275687,-5.56120675554696,0.661328073335522
5.20960164127133,-9.48010260596078,0.661075946939049
8.83643496300189,0.331302679009458,0.660880753783824
7.07011202850022,2.68143995625451,0.660815162236962
2.84606773541446,-0.80054005852527,0.660677886836462
10.1565900619114,1.14656055062362,0.660599177608006
-6.47777119725247,-3.36240529249944,0.660545902813846
-6.10242678959586,8.07625391516548,0.66003507820527
5.21737383263398,7.91322283527176,0.659827945091327
-5.64428757385821,-8.61187350353191,0.65972817133488
-6.31910145463219,-7.18702716064906,0.65968759567702
0.646836238935625,-6.05347044162014,0.659539109204431
-6.72029095028088,1.44879078322576,0.659288579412806
-4.19111823348919,-6.94778534634452,0.65916014238288
-6.45110924804482,-1.27765688215305,0.65904057073781
-5.87897721721846,5.36433830417255,0.658985928829836
3.21871866339366,9.44530590326766,0.658920590961907
-2.47888961394323,6.89376905046255,0.658442727877347
5.33642075039558,6.14531055860179,0.65836965221735
4.14360033917469,9.14930920901302,0.658132766274855
-2.41686204008821,-2.8339710538316,0.657869244722082
-3.83728811201721,-8.2715990574906,0.657718018351305
-3.87807009459767,4.01336797006669,0.657686284614446
-5.98601836430971,0.466504380902906,0.65767885983379
-8.09435897072357,0.700336608830513,0.657536074960911
-7.85515395804694,-6.44008942291795,0.657532333003702
-0.757287511750799,6.64463040896443,0.656750788372561
0.653737466891392,4.69825360439679,0.656517663228358
6.79874543846851,-1.9118211392753,0.656408246648416
-7.44668462508307,0.749168650100595,0.656377545179272
-7.99852108797201,-2.94447680914287,0.656235973235881
-4.31706572040313,-7.84863513319944,0.656188791915059
7.01339325441456,8.47876702378933,0.656134428598592
1.38312475006593,6.45040209260131,0.655465362384639
-8.86853814789008,2.46100796718302,0.655431479350788
-3.73342963817291,-7.21508456737327,0.655317992855896
-7.70178077787559,3.54948166796872,0.65521548802423
-0.760505197830438,11.3521073064691,0.655153052543338
-3.76801437061734,-2.16366419083175,0.654569659861642
-0.346636036404395,-3.93484305146578,0.654502971939253
-4.99330730289397,4.72981189675476,0.654239851817147
2.89590345986063,-10.7873307997495,0.654191210898437
4.9199191585208,1.72278879439543,0.654160117061009
2.12484618514026,-4.49537274952964,0.654092941915705
-0.0249669571028452,7.95950310588659,0.653971115031957
-11.2891691285495,-0.197443223174264,0.653825760678086
8.93081712955792,2.40909186810732,0.653432296536565
-8.06009715035427,-4.94275980125038,0.653090704854948
-8.26912922157883,3.00705570192038,0.653083036625804
4.63552743480318,5.49779313536645,0.651798192830406
3.10123980127852,-8.35252258715313,0.651039855110415
4.33931855455528,4.88553699399992,0.650957059988901
-0.703657942195057,7.12531449227661,0.65092159542785
7.24240749653441,5.66750818144199,0.650865830326091
-5.50178789348623,2.05130433198978,0.650549878940192
-7.17723345870469,3.10426676188889,0.650511109972577
-5.95256233356661,9.30813855121638,0.650484786997774
-0.710757114664275,6.51597269557629,0.650307747471066
-7.61606047750648,4.88156774072771,0.65008037835342
11.2619326124845,-1.8455687540767,0.649891454822687
-2.86437123356059,-4.0833962603472,0.649433603148248
-6.55465304521322,7.22687993795652,0.648161237633979
7.84266427342025,7.06984644480624,0.648082375115309
5.99542346619224,-5.81500022738783,0.648079991437053
0.555076032980794,9.06008348632352,0.647930280832694
-1.67672591914384,9.26559807019357,0.646986632291866
5.58107728977375,3.04499735811775,0.646984906438778
1.20181589324413,10.5181606921492,0.646889831327273
0.270446598694414,-8.6027592543032,0.646878027084882
3.68089225032725,8.78315222396271,0.646795144540748
-6.38442977972316,1.20584375980018,0.646722481957994
-6.92566563064233,-1.24337709012079,0.646450900566935
-7.28744302155467,0.885662580347782,0.646221382433384
9.02737825725665,-0.626396197659939,0.645956228534375
7.99108840423571,6.3721158034257,0.645871086366262
-4.94949499118189,-4.60259872512124,0.645851455192017
-3.79112252338436,6.64619097685772,0.64565174598497
-10.0193132075128,1.79018439704299,0.645378460495965
-0.558079019741053,7.68379432027878,0.645336740053121
-0.304910804428361,-9.17695372419308,0.644910108766795
9.03337329638938,-1.59360753508478,0.644435458588008
8.74856525001285,-5.2513697736589,0.644294385625376
-3.41637070502334,-7.29998837865381,0.64390313693471
6.2014981799177,-8.07805440225525,0.643855131539932
-4.99021891146569,7.52135577789377,0.643788460732083
-5.22109137975073,-4.20875040872577,0.643449336688731
-2.93921303798599,-6.22247808756857,0.643199247817298
9.09278487991079,5.10224328389943,0.643184256000355
8.10166334111392,-3.5877850358413,0.643064987125125
-2.73457378704641,-4.53958852432494,0.642909840820177
7.08329725444532,0.204912120380526,0.642706238066883
-5.92861399259178,-6.24858660071762,0.642064684206002
0.376600446733857,5.67125504338206,0.641609512604854
-5.7742470374538,-0.193578822227986,0.641595778807446
4.26901474693657,-4.53498458360856,0.641074466758341
8.79560015680087,-3.07353267780745,0.64105104447182
5.76716695708499,-0.850063893218163,0.640978321076189
4.9439890995942,0.350641990501939,0.640973760822769
-7.76158567013419,1.38273826754631,0.640616584788048
9.79740232059402,-1.95104040985105,0.640585976879022
-5.71297283048142,-3.53090232781326,0.640232796327385
-1.95314360026284,-7.46726565516144,0.639719916286384
-6.07574436774105,8.56967166981635,0.639553074198533
-4.27509130089752,-5.49449093447857,0.638848141679781
4.05863659723035,5.11269078269773,0.638595122199862
-5.94725689022275,-8.55399066438589,0.638401304987115
-2.89174805500358,6.77220179253903,0.638194692945181
0.455994303556181,7.42191493240667,0.638180311987318
-5.6326234412522,-0.46452375081316,0.637953117202838
3.10979320210214,-9.01189527912086,0.637890068722511
-0.146480375749092,-9.34096964933986,0.637785835449399
-3.05075881000406,-9.37329291237073,0.637644470499221
3.88265341670277,-8.02805617462167,0.637633090627272
-8.79603279229671,-1.40770011548593,0.637620520605172
7.61770140165858,-0.136023943416747,0.637478065483824
7.27282773199569,-8.25920049908381,0.637347571704343
-4.29059134100969,1.06387371754999,0.636991630396994
7.8104087075991,-4.84313827869684,0.63659579875868
-4.4121144520311,-5.32164532434524,0.636383103904799
5.79738042663101,2.34265397839757,0.636224156602818
4.1635514998112,3.62722082568165,0.635851272863717
-6.37934579248337,1.82963266679765,0.635821793409392
-4.56532832986264,5.53566211819991,0.63576439691542
-5.54116970363288,1.91859694262989,0.635601449890754
-8.056502200003,-2.82750325259551,0.635529734217948
0.245478792664459,11.1764794458882,0.63547808325897
9.32432812095875,-4.43819760843224,0.635071931487818
-0.550390613473384,-4.62722294890824,0.634974536483888
1.76903439491178,4.44649990489071,0.634945372826092
3.32954254850039,-3.56153111777851,0.634639554530989
-5.92554906126003,7.79402422767828,0.634292066996604
-0.850860164587801,9.6703628304108,0.634199431349816
-6.15406597908496,-0.146614934073148,0.634141737350594
-2.05982452875876,10.5108366210336,0.634113255997932
-6.71886251626066,-5.11852518308175,0.632910710510307
-6.23326866091829,6.23450567429369,0.632494406606043
-0.377801844369211,-8.24989398820528,0.632441853220419
-2.39314930977914,6.36859399224015,0.632105321787238
-3.4766254051818,-2.25239655948193,0.632052417179207
-3.89754773716897,-3.99529870444034,0.631928562588222
-6.97573033095905,-5.19183974870902,0.631512300092917
8.33816710157691,-5.28249348368047,0.631404506278858
-4.29596310334797,1.16266086762601,0.631190961051406
-7.40919634839158,-7.17186544968887,0.630951681308592
7.60891833554938,-4.19130842520701,0.630730718340107
1.79850457372516,-7.76589410505024,0.630651846100074
-2.23653057231119,-6.02057811040163,0.630149219786131
4.76792338762312,4.98358832830613,0.630042538758628
6.05239079237056,8.42805813557112,0.629936600438112
4.79467637271011,-6.12750247916708,0.629902522262638
0.49346059420449,4.72739838703495,0.62942643135448
-1.12564975277311,-7.31774475133719,0.629149059116803
-2.11111840638033,-6.71132652407437,0.629084585825492
-4.60000111386508,-7.35134686179701,0.628851016199364
0.430730904292329,-9.57626150229746,0.627812334011077
6.16758792606729,1.27540889245104,0.627683819980791
5.65932957373202,-6.40890222170629,0.627650204956917
-0.313290360997036,-9.02741130370065,0.627549476318794
2.83240999033575,6.24255587285881,0.627183840476039
8.98609038491698,-2.22961552129941,0.626989479602979
7.04726079610107,0.806745052729319,0.62642804231472
1.72826005495559,10.1021224037026,0.626022239860923
-3.20471468314849,-5.24147026226513,0.625905834180547
2.97691542050937,4.57574000352716,0.62448064984836
-9.53226118169672,-5.8669454265345,0.624156035697249
0.859133405577223,-6.57094996778365,0.623997468434116
-5.04959371189171,-8.0091675728465,0.623904853113358
-1.30872041760066,-6.91147790579713,0.623732900456675
-1.19087477582723,-4.23664352725249,0.62333750523358
-4.19417562025835,-8.10247256260293,0.622950957207633
-2.53453705449039,-6.67765613180251,0.622755860560904
-6.1516302668133,-8.08048884232663,0.622619198651822
4.27124972072954,6.78497171039512,0.622163815393348
7.93575355609277,0.312180373141211,0.621963098139851
-7.46024806990216,-3.37321451959679,0.621908815741724
-1.26756093980245,9.35143858212414,0.620685524480334
-6.39252134523907,-5.29131056801151,0.620682998351765
-5.88157502851348,-2.29744604091977,0.620434411885588
-7.89861768795379,4.24103209922816,0.620214443545166
2.68811043141662,-10.114525061187,0.620182923186844
3.37546928785641,3.58607424989325,0.619621181210656
-6.91787898173402,-3.03840732956934,0.619502501649333
4.61358195052382,-8.21167181388629,0.618922993321224
0.0891296000405096,-8.68457780509363,0.617958112778112
4.55342997051657,-3.4943737772291,0.617834323282765
0.0593027935636102,9.65011710114118,0.616703806203336
0.407210134341126,-8.29085857262823,0.616447892752358
5.05940624575296,-10.3319930036034,0.616228611630566
7.47604391213314,-1.51236069436374,0.615990518102066
-6.04563435143793,-1.09609772695596,0.615419934479415
2.46515355146409,-8.97210645243741,0.615195242583401
6.89421887422259,-3.46021229049864,0.615161005967294
-9.00379729535287,4.87352001287839,0.614582861584863
-8.50088953581645,-4.7729411725637,0.614363418467868
-9.90408338804946,-0.865082410009532,0.613982100761806
-2.31586022980827,5.8381907160743,0.613977488700079
-2.53109833288062,4.60393628581572,0.613894647760037
8.18674019379634,2.13461742495546,0.613265060236636
-7.79316946589308,-3.30200069954041,0.612695861904107
-0.670621960302764,-5.82301270713593,0.612145904017865
-4.69776865126654,-8.86242853717978,0.610523741952687
-4.85347640044578,2.39337405192083,0.610307031164825
9.91779809333431,1.28840368939541,0.610264618526835
-6.31319163785918,7.08241714494754,0.609674472454113
-4.34140862689927,8.02317141652722,0.609612959293964
9.6381129331434,3.30456587052762,0.609400618185165
-1.02919183970573,-8.38167546591758,0.60801040147924
11.2372653095126,2.36920380138141,0.606765742607074
-10.6648887342128,-2.99702259956523,0.606745038296524
4.45415400774121,-2.83162077846697,0.606648539160471
1.80941775505919,-8.44481603412828,0.606464547297559
-0.760108254632751,-9.24307251433518,0.605529651179442
-6.59953639739767,2.93320242444529,0.605004483821201
-1.27946039204748,6.96978652221681,0.604553672243805
7.87007880012962,-3.17549105697871,0.604111649022229
-2.38905850797351,-8.25949949934571,0.603899907294363
-5.52347751946642,-2.70922440065622,0.602812407553009
5.68205022713043,0.429029348132597,0.601715995255317
-7.92918982099435,-0.692761061562403,0.600995927510136
-10.2219353583442,-5.03600173119151,0.600338439753765
-7.28718290267339,-8.638582723787,0.599682446808331
-5.86449316419893,-4.45243856615071,0.599603446995531
5.16029450909077,0.577378904573,0.598894877658672
1.87871497824457,-8.02795829168796,0.598544467470912
-0.612963837113668,-10.0628689196298,0.598360538071431
-3.42884561383736,3.89156288347896,0.597650437189167
3.26345676854983,-7.04222267318822,0.597523004494282
-9.7231256045304,2.84590104009695,0.596758410024402
7.77317720438989,4.71756983859479,0.596435158205656
2.6488636731731,4.12259054061917,0.595920916461378
-4.54866170932425,-2.25442880140863,0.595696873586778
2.31033903048085,-9.77437510978089,0.594430381741428
-9.88426429864098,0.818808351780708,0.59429809967236
-2.21934871073269,-5.11695656113153,0.594297196358129
-3.64035402427039,-7.06782491670001,0.593852282728898
-3.75051207269408,-8.47707680193224,0.593839812343129
-6.18896235729704,4.93365650474883,0.592802062928497
-2.29325198608413,8.4638999115463,0.592257487007222
-2.34908935264571,9.11202172267002,0.591601779796954
8.01719510042553,2.41449253486956,0.591137969834868
9.42000784433003,1.62775270746922,0.5902982129833
-7.0292306087075,5.40677852131311,0.590249507740292
-2.8945627769542,4.89346150682229,0.589936469425591
9.08767044852894,2.47817882715607,0.589484519152141
-0.371446713724486,9.13194849239109,0.589403453848151
-3.29009339680279,3.00767283988258,0.588899948589965
3.93658040627077,3.31655723901929,0.587870569507595
-1.09027658812897,4.04896019208534,0.587761539774644
-7.36406385612053,4.40879210169421,0.586979952362165
-0.780938985483683,8.11411294947105,0.585924664745414
-7.56934616146745,1.92321036079041,0.585239878856584
0.362871964460623,-8.7566647926835,0.585239383293078
9.5535722186999,-3.65480035771426,0.584617052269812
1.90237343758587,4.93280028263494,0.583839473544448
-6.06702270349546,1.64001844302826,0.583735130714374
-1.51548835214939,9.26853416343765,0.583315277543847
-4.18721840470799,4.96677707039935,0.581106187945582
9.18986578521251,-6.4870576610325,0.580211335337548
7.88962005962043,0.374286327820136,0.579662469370447
3.65184668824661,3.40273870912857,0.578681959843489
8.59026002894262,1.90465353577507,0.577201394582634
-5.47561931974443,-10.5902246303024,0.574879824413879
5.47031735554489,-0.0400904563302893,0.574743145147023
1.71826404194692,-7.55872815602436,0.574408227452808
-2.66080660251793,6.56694462081733,0.57409499634214
-0.89182749192851,-9.60821049040424,0.573187625723207
-9.75539235215948,1.26187698985033,0.572356719814001
7.65656447024076,-8.519562741131,0.571785601675121
4.8258534953727,-0.298256811847389,0.570950697810444
-0.720863329672534,6.9101986510765,0.570677859376776
2.84883741420541,5.85747377203882,0.568956835036474
-1.39916274792503,5.09848857949447,0.568361051229513
-2.94780111355457,3.6921433025446,0.566089865033516
-3.09232924700881,-4.84147347945314,0.565870838678451
-0.837507587567828,5.29670988973697,0.56305657287872
4.08192527355405,-4.56336727576301,0.562067688577009
6.09628112538358,3.59888737600909,0.556291255689212
-5.53931724084165,0.115307582885802,0.552637575234788
3.38428180192269,-2.10028282535911,0.550974052417529
-10.0255989355687,4.27643426273856,0.549083519350485
1.0770081241476,8.90275489120988,0.548347226373977
1.96193432720722,8.37645020339097,0.547998651640753
2.75497462318733,-8.31759328687984,0.547621228415172
-9.49758662278614,-1.37493484011751,0.547000254470824
8.53338730537714,-4.58380491622089,0.546631179147835
4.13705475508034,9.40309768207575,0.545014576322413
7.76002998431564,-4.10255473028699,0.539691376605555
-8.52309543302938,2.99001385508525,0.536515630499462
2.01613849700017,-6.73055611754277,0.536486392120767
-6.15588061270145,-5.91412786913585,0.534055074225548
-5.51940195973658,9.57715055579554,0.527861158130309
-1.6303085660547,-10.3225050714792,0.524928387811658
1.50175291184134,9.37107053966785,0.52244012274162
2.62777080823747,10.8930659567798,0.522209559291989
-10.0939249296205,-2.04775482908187,0.516381826925231
-8.52628637745233,-0.595648846604946,0.515505300794444
-3.01751534017135,-5.94328602474155,0.492377236649732
3.73797084172356,-4.15110254321835,0.463580323910487
