-4.69568929669113,-2.94657619060217,0.939790635167635
-1.20839876455617,0.347711167820579,0.908799970421867
-1.13853337052424,-0.00962564821587051,0.904203849689859
-4.55648623796716,2.84853316936343,0.89541133621511
6.00262841505684,-0.145027526165861,0.877652760332163
-0.602227334955871,-0.273391897613949,0.87185825054859
-4.24756241156139,-3.08817758399308,0.86345041652305
-1.50618062914435,-0.699404274960903,0.851017126327612
-1.22769604499198,-0.394648211093852,0.839870034773995
1.93419645794007,2.51270450952971,0.838890804265872
1.79297182325087,-3.41348072442322,0.817188642421519
-1.87033020354451,-0.240157714391266,0.816499256642596
0.0782020427092066,2.85839366135429,0.792267041543562
-0.580975792724348,0.585282689672366,0.786787333473581
-1.815005204803,1.02816272357376,0.775070512732438
5.17079668644572,0.209241641637983,0.772640764797716
0.178786173976861,-0.106353671038033,0.759629777102358
1.13887614367811,0.319310719906828,0.748014868377135
-4.9001184977066,-2.06593664207753,0.735348005944551
1.24720411920873,3.57046964118372,0.724303197999108
0.115890846039258,0.439944953886733,0.722922000824493
-3.4839489679225,-2.68649071341749,0.712818059128461
-4.87670524514152,1.92606213295513,0.703000237823102
-2.15265320595569,0.514155400639632,0.70050054842789
-1.20546035726549,0.940118981919006,0.695380105324712
3.68039851855995,-1.05145435228759,0.676564253566336
-0.954415688155133,-0.499586072910147,0.675221629562337
-1.76689875723024,0.294697309212767,0.673712686636999
-3.72263914600398,-2.68668693122568,0.673094498572014
-2.64210023996442,-1.47071836630778,0.668394897149778
-1.97280769040152,-0.0424314751730315,0.667483295539153
3.33694149521656,-6.26332784553522,0.657144560003356
4.10502653433902,-0.924699592271982,0.65324263649901
-1.02022707508284,-1.07575255869897,0.652166880357439
-2.00772531381869,-0.642352080532395,0.649684098125976
-1.49322812264825,0.291117372282213,0.649361452153484
-4.80476651031884,-1.89976475002017,0.649067672447263
-2.03603587916238,1.0566604308423,0.647068019542442
-4.1376929400422,3.79058154586878,0.642628248869565
0.981543161478465,-6.19542290860168,0.641414479179356
-0.676811541059696,-0.386820114748196,0.64116216182847
-2.59596241414696,-1.20256662695381,0.638959825993499
0.881835575155529,2.93469445585956,0.638931004329208
-2.40429863274537,-0.952601387039066,0.637555805522913
7.41475878410452,-2.41149591611849,0.636442274330019
4.66363364391456,6.41822933291917,0.634048691949755
-4.81097189444126,-1.84717892477075,0.633686050574354
-2.29070609103794,-0.140441612763741,0.630740478316356
4.68082150251987,-1.23773139034701,0.626291396578805
-1.3317209998674,0.766688618619056,0.62513397846675
-2.39840720908506,-0.7281086847096,0.625076146315831
-2.41901323224859,-0.373102236340048,0.62295348266717
0.0969222114874693,-7.0646863407644,0.621027287174973
7.71922075533473,1.40575875209507,0.619819129972917
-1.5309785216958,-0.869519393925554,0.618895240213051
-1.73352326152739,-0.72198739438719,0.612972220327508
-1.59684255601783,-0.978684121450921,0.612832038340692
-3.68719757266475,2.07574985623839,0.611770540379542
-0.664447236122675,-6.52297568706316,0.606589956212248
-2.72120066017994,-0.648092140499878,0.604394271215029
-2.7389911424629,0.609732662931243,0.598871935975834
-2.26880950665447,1.31352575316642,0.598597401176392
-1.4734534838813,-0.504904078652527,0.59674427104408
-4.87552618844159,1.61869252627722,0.593522089169721
-0.528371254624006,0.0264995784283882,0.593146673861083
-3.66110455115464,1.80841607713217,0.591358760034672
-5.2487482460919,1.65244209944224,0.586554869156873
-2.7562364493202,-0.991548292984668,0.577135164805075
-2.53477061022511,-1.4413331340987,0.574245405794294
-3.51054646192337,-2.14428131319683,0.573878762925604
-2.68541350380895,-0.178467407592526,0.573005222329101
-2.33345510153283,1.98995095876145,0.571807010806733
-2.27862703034352,1.00098672101348,0.571581006632661
-3.43595094307697,1.84334451396551,0.57024530377819
6.03783390816866,-1.78933904268945,0.569966272865076
-1.79788727680716,0.440012420384936,0.568111367086544
-2.66674464079758,0.467427645305364,0.567063395485701
1.22367301652521,-3.54573946542771,0.565131573533096
4.78456842819354,6.29557958372889,0.565047536696581
-3.49599574046231,-1.33573922326321,0.564560031178737
-3.7339505707272,1.81028778496222,0.563844646925537
-3.74593154089887,1.64274584887276,0.563318788900222
-1.90779103841474,-0.155758223739105,0.561580876032351
1.49091016370526,-3.50401911948339,0.561389711913643
-2.41808013973327,0.316071630881583,0.560257504250902
-1.36631879267527,-0.11943415492777,0.560105558707538
0.054404770295115,0.988280648019305,0.559995747681873
-2.5781794791649,1.04620613501162,0.556837250794203
-3.08694793203206,-1.19564259788183,0.556600995113042
-2.71406934563005,-0.695620584099377,0.554586222852944
-3.03496699721239,2.69844300095757,0.553272307905754
3.49048211428115,0.574740878712634,0.552722162275258
4.70089149636352,-3.87394111335405,0.551633958490603
-3.0168760569185,-0.860066945533112,0.550449952424817
-3.26651795546757,-4.63765594004107,0.549930741719148
-3.02510401026088,-0.938860115625746,0.549794899979308
4.91545672920413,1.42049143242174,0.549174819867836
-4.88332440969327,-1.55765742824063,0.548771339105469
-2.67240998841772,-0.109315471741489,0.548037040596674
-1.15588093551599,1.7884424829122,0.547451556056501
-1.56348867382985,-0.551285908772621,0.545997389504318
-2.65871687014679,0.81925807857646,0.543454266379469
-1.48766226168293,0.0687555750177065,0.543024717019431
-1.7379785157194,1.40445270612172,0.541352881377695
-0.12946672984545,-2.3154777843854,0.538971531676042
-2.64892043094347,0.405878627205968,0.534919349229756
0.132021299115239,-0.60910205344309,0.534695815003731
-3.68660631446452,-1.36801874309524,0.533756920001543
-3.8044017665271,-1.8257052779597,0.532390313716213
1.37534125950267,2.1372723946541,0.531511185313323
-4.80153812587243,1.31726825097866,0.527659744777266
-3.28382817717365,0.898202515183025,0.526874185224449
-3.15542941160891,-2.42159454016598,0.526216142381843
-1.93455589016584,0.0867199855579142,0.524238197157751
-4.867747461517,1.36181413387203,0.522935471500135
-1.43579678353529,-4.13478870199393,0.522734477080226
3.22406393489844,-1.64342553849345,0.522604387465926
-2.60437242286094,-0.239469931173842,0.520849277681042
-2.63273988941726,0.691647542973379,0.51963255107999
-2.58015769279251,-0.394450923031205,0.518576815015231
-2.9641670964414,-0.817401073876306,0.518574165159565
-2.87206293252756,-0.111473235631427,0.518349737614621
3.98365204273172,-4.53219538278925,0.517153901365801
1.90279840356014,0.892745697187857,0.516925454125143
-2.52780819821471,0.0671249933924378,0.51330460517047
-3.87584871711744,1.50312880617465,0.512607326130801
5.31478678510686,4.23373059799842,0.511265206477856
-3.90329091429683,1.55624662419775,0.51039492950336
-3.24215719870286,-1.82892450027957,0.509520288151347
-2.7552676020145,-1.49255382504886,0.506888450860585
-0.793680595268486,-0.243305495691462,0.506504501797847
1.89342187728828,-5.05758370139467,0.504067151293827
-2.75223285995022,0.053973135138852,0.503917045825988
-3.89990494224225,1.69231914420443,0.501717933731136
-3.66801882179237,1.12736133178267,0.501589091070455
-4.42992170341681,1.3032827127618,0.49966595608145
-0.881024341890861,-2.2616421681052,0.496797307087024
-3.2428631868753,-0.803030357296111,0.496002678021242
-1.16701951445759,-2.91552875065336,0.495692791735687
-3.1496635372876,1.53553847515898,0.495642274706883
-1.81225078120983,2.77855316716749,0.495309297758866
1.53953023726659,0.566795432732952,0.494019273720044
4.41728097019337,3.61660659871023,0.493800673606161
-3.02355066985477,-2.17471172317211,0.493473539721696
2.61860764749296,-2.78875314206193,0.491715699155398
-2.47334018399116,0.202881051856847,0.491523438785681
5.45184081364972,-2.97259146013587,0.490981679862736
-2.81627247171053,-0.279727691102033,0.49021692276727
-2.88417108211356,-0.315975264675937,0.489971294535572
-4.88971062687509,1.12102010401702,0.489546144869632
-3.87853848582248,1.52094109080672,0.489327143176628
2.95889856122632,5.35099138352732,0.488941733908026
5.19613642495647,4.62546919738352,0.488303841150988
-3.07702039744393,-0.643829599267068,0.488034548430334
-4.84106768242167,-1.32384004130434,0.483072693101928
-4.6274278532771,1.47602582006883,0.481684032818644
-1.92743570411234,-0.027503334488772,0.481316746341693
-3.20796803826688,-0.784089809937663,0.481287361786511
-1.99050379610843,0.492348780271979,0.480558121564493
-3.26635779680155,1.13653496802507,0.478549369448543
-1.56147780484552,-4.34308414608526,0.47708318948636
-4.85604080835929,-1.29768364169657,0.476332279432847
-4.18746282880605,1.41532336724567,0.474441375682504
-2.90829080373004,-0.226706853118321,0.474208717159548
-3.23078755980212,-0.97339865337658,0.473369984040141
-4.57891743531555,1.18198638102876,0.472388361925984
-2.65698474166671,0.202282500033943,0.468412804651854
0.633733497327718,-2.74411494694453,0.467856286233038
-4.10913982259734,-1.49296061995669,0.467429792296758
-1.90776276678453,0.137936921277669,0.466911137025694
-4.32885889410289,1.16217149546459,0.466550776602238
-4.78006781490094,1.15642442917445,0.463359458932703
-2.5734305780506,-0.499267539850955,0.463230201965014
-3.20012456116011,0.862124361783068,0.457656884860675
-4.3550462886733,1.38800525750376,0.456917473047649
0.055806940778027,-0.0923381751627515,0.456495481827986
-2.65018859910186,0.0468055325568244,0.455305985227137
1.73918831943705,0.48750108504636,0.454943159833209
-3.23035775834178,1.18623135466688,0.454181846065416
-1.85440040131695,2.21199804337681,0.453973962833413
1.01896794505458,1.68997106461665,0.453068071397537
-2.81219366530311,0.0416227169848809,0.450792792596065
-3.63132010438542,0.9168775617243,0.450698264307736
-2.99453427723661,-0.513408250069448,0.446448779211197
-4.75655868902707,1.14923554602019,0.445799567145168
3.94743013413576,-2.66197945172847,0.444999294218943
-4.80083923813445,1.0959284302309,0.444943461007651
-4.3640213514041,-1.17751948974944,0.444724538260409
-4.03742082166167,1.26990158512917,0.443474835126618
-4.7506836281707,-1.17613445716103,0.442552876070215
-4.72890696472328,-1.17805529611258,0.441617932717352
-2.84372176307007,-0.0626587476949529,0.441476338010629
0.757687170486855,-0.0317305197907808,0.441445632184349
1.93745310641592,-1.97930698467484,0.440913712727494
-3.7243360679671,1.36884144790275,0.440259059180771
-5.23131951943333,1.07089326556036,0.440223691379192
-0.0485347814289997,-3.5759000498338,0.439498564986917
-1.07846129818835,2.42215021838113,0.439451634194478
-3.18965980945809,0.409668749118772,0.43932620598759
2.35564868709448,4.52197546688822,0.439215474763862
-4.15747492866014,1.14193284195599,0.435198973374051
-4.14071400404426,-1.23445011082509,0.434984913829746
-2.82065244824323,-0.205823090525195,0.434506242393558
-3.42324190263615,-0.664164505476093,0.434179449876194
-4.77495073771508,-1.06672363628715,0.433619801033094
-2.87732243867325,0.148978747944097,0.433129069775797
-3.12075873071807,0.208508674603572,0.429791180560183
-3.62925526628558,1.01698993312379,0.429284003631414
-4.90912082084378,-1.06388047580639,0.427609514813477
-2.4281795026845,0.0963790874034957,0.427535968918533
-3.23409164187685,-0.326235070438261,0.427151345125134
-3.19905715110146,-0.0830679621696793,0.427030433101832
-4.12987524412982,1.11378822952263,0.426737939549744
0.650092935839537,1.68673446634319,0.426517808521086
5.18541343856189,4.57581689752663,0.42620784251317
-3.2228968252651,-0.246402077849826,0.425631300595318
-4.36971977821089,1.13504873050126,0.42333789790142
-4.83724714010101,-1.09022939592936,0.422161080102506
-3.03832348729108,0.303489247265858,0.422010886474602
-2.88590696711091,0.113943220665893,0.420916298388222
-3.83965612751558,0.982967758107274,0.419740336013705
-4.86356791218326,-1.06770958349737,0.41947269212399
-3.88551856142486,1.03948748835466,0.418880388694993
4.85381004063802,2.19034391525833,0.418487778260937
-2.64971721984312,0.270297863718241,0.418472519359747
-3.09644671963103,-0.663493852367493,0.418462947772545
-1.86655536059052,-1.92109937657644,0.418281294692343
-4.44123633819003,0.958712394757569,0.417939208139614
-2.90301774210481,0.61754149875827,0.417932771596622
-5.23651491739254,0.99636387127676,0.416805352039396
-3.23382572488712,-0.104121319373652,0.415378849922248
-3.24194559649656,-0.0757327962198825,0.415163165179016
-4.85052724682694,0.980405957160863,0.415037494611998
-3.80582020154005,-0.987762847770498,0.414812811873057
-3.45955848831429,-0.648089470739095,0.413872392286208
-4.04756860599491,1.08177965376342,0.412918070076065
-4.8621520328992,-1.03760641435274,0.4099079073105
-4.51140439162694,0.897091594295805,0.407678880192097
-2.72219316538629,-0.0478873032937273,0.407416280345356
-3.53099084820504,1.31370118424627,0.407060726691329
0.45852932417297,0.319028872749955,0.406309114371408
-4.81087660147247,0.889331792662461,0.405503276863557
-4.86072119912473,-1.00566737222871,0.399485643083256
-3.97080653970161,1.07184276758222,0.395507543184136
-3.32338214924499,-0.288309010693196,0.394893745184715
-4.86403883498467,-0.987208588571108,0.394012275038813
-3.3117390695502,-0.181117617312764,0.393462722528036
-4.8018206125403,0.923815061770645,0.392777271971773
-4.80467092961365,-0.994825594462462,0.392569406515342
-4.8596942976713,-0.981861089394185,0.392151590244148
-4.35282066642073,0.881038098049505,0.391873037794901
-4.93128342462775,-0.943103169706313,0.390466439555514
-4.65923725431654,0.854818662481727,0.389934599546786
-4.87983652078807,-0.96382914378372,0.389443897995859
-5.12862921967999,0.880003429097802,0.389386188917046
-4.77258171190137,0.896786274528036,0.387723724818635
-4.85635361740246,-0.956812973536558,0.385851445790182
-4.78574776673098,-0.97759489681929,0.385573502128738
-3.36802768366447,0.742781191407785,0.383944700201362
-3.57455903125188,0.62989292135907,0.383874585204046
-3.76153625056399,1.11995367446085,0.383680336423944
-4.90754858307698,-0.930751189837593,0.383393840578789
-4.31732237161732,-0.941149760965438,0.381999885993437
-4.30736036255389,-0.987280216749985,0.381062864213431
-4.85759079705614,-0.945648463288895,0.381047536615216
-0.407466279442448,3.2711527425778,0.380074966076924
-4.38302381218706,0.861842414334694,0.379816271798467
-2.80389683959688,-0.0426474115545667,0.378216744708621
-5.12861316903815,0.834031565423,0.376512151272641
-4.98270735611229,0.830714568452479,0.375653094414062
-4.41510632318101,1.10489716840415,0.375541294694961
-0.73367031090959,0.0445625806347021,0.374715875097751
-5.06177662522732,0.803345516461326,0.374545606366716
-4.5613466203029,1.05840009155518,0.373825266748398
-3.346507172786,0.4191441915047,0.372291936798703
-4.82279248131981,0.866196211483241,0.371255268797549
-4.61132269925427,0.827979710281189,0.371059551147944
-0.180943989341774,-2.69155465945369,0.369201857696057
-4.93101945119833,0.819917304728648,0.368951152532996
-4.8603415894168,-0.898786578662888,0.368126249744448
-4.8482672027289,-0.89630551156434,0.367249617744135
-0.575703064397942,-0.0264085815384651,0.366443615631318
-3.68366434198011,0.904437640673576,0.366143696748019
-3.88272939434681,0.833696760845516,0.365754451748821
-4.8881747843441,0.817085180868818,0.363568942754356
-4.71892054037836,0.869560826485269,0.363217878831862
-4.7887337627769,0.863352606061962,0.362216080128562
-3.08508280121632,0.0397904211266861,0.358111213929118
-4.75271033521489,-0.930869534536021,0.357500717169516
-3.58386483262189,-0.654272337783872,0.356703267633811
-3.6294222156267,-0.658236121669756,0.356660450412522
-4.79822455971451,-0.899740042994042,0.355565713875223
-5.19404417593436,0.794021554574016,0.355346896414467
-3.32801918420122,0.149679236330562,0.355245386974243
-3.42770974672967,-0.150938609188867,0.354685200135545
-4.84416810334591,0.810057355346766,0.354597780466854
-4.84633879080606,0.8050824787785,0.353752383199952
0.440946834352596,0.3450830766849,0.35286601766791
-4.84553781513148,0.803118838152177,0.35244978397296
-3.43582354894831,-0.86917032170846,0.352187230860613
-0.308758422997854,2.63167937363608,0.351617015943675
-2.63747023228059,3.1539795006061,0.350811478521649
-4.81595707985303,-0.842887880305987,0.35040102044792
-4.88063217653749,0.730553334276161,0.349456848779012
-0.996544375433171,2.68276417422378,0.347503248631056
-0.0563201121914562,0.360710340033748,0.346681352431404
0.621144220638057,-0.445575281636539,0.34621258136455
-4.81039638523986,0.900394680044455,0.346203911212439
-3.13725420342832,0.27169326044718,0.346168520486221
-3.1791065690518,0.00509864989979934,0.344883196160512
-5.24855395313253,0.781817156823287,0.344178588843071
-3.40973202741587,0.12187210928523,0.3441339814777
-4.70107895037427,0.767424344902422,0.34363893707494
-4.08548962635242,-1.11353820189644,0.343430350491417
4.31107031243869,-3.01319453867298,0.342780188870546
-4.75093368991405,-0.780102942022698,0.342395602537505
-3.51788220100029,0.486317156937713,0.341365734795913
-4.01255264408901,0.856058244011567,0.341315819298929
-4.74959756672924,0.811003155222629,0.339828267797075
-4.54956086344047,0.681926454101727,0.338709732479281
-3.25578306720511,-0.397532129995697,0.33861047479063
-5.01970097863429,0.697407501343348,0.338036479300789
-3.82327405550916,0.795150559307936,0.337663302310628
-3.16231576917409,0.607109922103573,0.337131155075617
-3.45377649738567,0.630352962106181,0.337051548304014
-4.62710847174449,-0.729329286496272,0.336401283473949
-4.65952826601968,0.71234881838322,0.335957536687598
-4.73118888893286,0.825622189204958,0.33593009822478
-3.15955565544022,0.0696703064959248,0.334656963201063
-0.60696203624438,0.100239155296489,0.330965493046041
-3.54300648963616,0.699515952698123,0.330720456824779
-4.80660566976045,-0.80220627254377,0.330457600715738
-4.86729355404065,0.693987765115568,0.330303055719418
-3.41620672042226,0.595098753339975,0.330101701274252
-3.54343582359114,-0.362682617445785,0.329891329713977
-3.66919726996658,0.716306063261849,0.329225124125322
-5.15255178165734,-0.726031735614334,0.328447245410304
-3.63016758215973,-0.511489494393478,0.328337443248657
-4.14107969348762,0.875116822509094,0.327819161755787
-4.98626991254465,0.696931952838367,0.327724405657238
4.981203574469,-4.97507847686639,0.327723448162129
-5.23647773277001,0.728674784889905,0.32758581906675
-5.25114904843486,0.735029904483138,0.327112834562234
-3.2460356525864,0.0461642123619643,0.327086210130468
-2.97105119033676,0.206784792605597,0.326671290504967
-4.49267674777348,0.660423390454322,0.325901764408083
-4.81324532099842,-0.766403449663667,0.325579876340273
-3.51001817446925,-0.0837022749196631,0.325489772594064
-4.51679656651103,0.828731919079326,0.325340348309685
-3.63652640622409,0.618983444801189,0.324528298388637
-4.8139133890897,0.649432432105909,0.323714571352534
-4.38536087654834,-0.727569540853018,0.323678327616379
-4.85097136651903,-0.766762023692937,0.323418400515677
-3.92353138899179,-0.778223066262022,0.323348439930536
-4.78156448526794,0.735832998746175,0.322373273102788
-4.85730121578875,0.647315490152874,0.321680935756545
-5.16005291328958,0.6920198535749,0.32090147480763
-4.26009762626372,0.713456822161077,0.320840482912023
-3.50702837532414,-0.0159792178645414,0.320817285337354
-3.45302452557878,0.465716007942972,0.320515878965224
-4.85739360284904,-0.756939844059985,0.320080379085068
-3.58245895129067,-0.44578862659629,0.318957322326684
-4.84098619788889,-0.761715029540886,0.318531476041261
-0.497249719986127,-2.33828421642341,0.318261704303875
-4.60293928785055,0.828626129524461,0.316814250723973
-5.20074995397165,0.681157037506898,0.316611009814755
-4.79946404254668,-0.738545328736584,0.31633199931276
-4.35598317121887,-0.719468879781692,0.31555534705368
-4.88935175689236,0.629820354609357,0.315033175657291
-4.77414089376122,0.718131695747539,0.314209936170361
-3.43988664670155,0.202023256659105,0.31410397662157
-3.88554790876035,0.943841166725152,0.312804893545962
-4.25882846002374,0.885375660731269,0.311646702588572
-1.96330570655176,2.76170170647056,0.311180932166768
-4.84444859278294,0.690607484775815,0.310998666475415
-4.81977018563924,0.618624557143945,0.310763094325854
-3.6513935170344,0.697745804310003,0.310182772011567
-3.16874320400356,-0.480184740831979,0.309981230839622
-3.42311149736914,-0.180165760840758,0.309942091036217
-3.75113675222641,0.526177737629458,0.309273209136198
-4.83239631228489,-0.741017766566928,0.308958350863636
-4.58815726367694,-0.832008036918906,0.307964801610732
-3.47624104527817,0.0812689106950831,0.306249636010347
-4.0048588972771,0.811968518717924,0.306231336641082
-4.84034812192733,-0.722625868639266,0.304578435600301
-3.80667449338487,0.669368836199516,0.304062360498861
-4.7765648745237,0.682345302191317,0.303480754129569
-4.54833897361239,-0.764144804227006,0.303381305731024
-3.86415523853512,0.624257124884499,0.303023099058069
-3.48248519429651,0.0873225543864209,0.303008250125749
-4.81305817501478,-0.712485503937401,0.302779396789579
-3.66530307528793,-0.56963832028994,0.302637207995651
-4.6408447287267,-0.649441056937915,0.302313837214822
-3.64553335854051,0.45252744719397,0.302069294711676
-3.94762719065214,0.730293874349254,0.301751655140116
-3.57322466779859,-0.305609543538464,0.301470465869992
-4.22098819686964,-0.651807197230018,0.300856705167034
-4.7383209056136,0.691383227251284,0.300239086091238
-5.12724341407842,-0.607390619791846,0.300227900186567
-3.57172755846002,-0.279160536279639,0.300156320273662
-4.80898827921824,0.67234467033654,0.299759719040768
-4.74726200034824,0.716541910533767,0.299569733901102
-4.76905300598214,-0.732026236325976,0.298741186886216
-4.00129820812853,0.697362441844248,0.297552143874133
-4.84131573744641,0.637487331480493,0.297492505993816
-3.55555964733632,0.234911137209659,0.296551963360497
-4.8336042973792,-0.685496427577244,0.294976999834185
-4.46098403547174,0.608877707585856,0.294737233721149
-4.42662223967569,-0.751993169318827,0.294563598984773
-5.07867407971862,-0.624778893716516,0.294042895813814
-4.41614924783918,-0.949883023542698,0.294022097441432
-4.84809569396886,-0.667528967163352,0.289372770701182
-4.52896312237821,-0.747467641587758,0.288984578127383
-4.06028393914131,0.652178470986677,0.288236405813837
-4.26280362076657,-0.963816166610862,0.287975469187502
-3.43453730425423,0.0314188730722453,0.287895922066136
-3.66247694313929,0.265310319063468,0.287429452641803
-3.52303840990377,0.00910081612456434,0.286966176051033
-4.76929725845877,0.658693769316198,0.286568714470548
-3.52733558412664,0.0818584905302543,0.286225699308836
-4.71774218122604,-0.744022931386881,0.285805192947782
-4.57136287926753,0.536028361084631,0.284541313100924
-4.94193519846222,-0.535942722628296,0.284050623796952
-4.83755764504358,0.622731128071194,0.283981199907095
-3.73534422182112,0.661337800272979,0.283971066461579
-3.99764445894942,0.677065221849125,0.28261902690907
-4.93952919935182,0.547297262494317,0.282350962938984
-4.11585436701775,-0.671761751005464,0.282269645048734
-3.64559047538735,-0.384593189003773,0.281808542544729
-4.85481587157241,0.607645264001332,0.281632988551355
-3.8435494531704,0.681021620199368,0.281202341732823
-4.7595772970399,-0.676510103048049,0.280948724096916
-3.95065216894138,-0.775882634398257,0.280942207313273
-5.2316383999562,0.586923397543862,0.280661748813823
-4.65529015822428,0.636767742852892,0.280180584089816
-4.84685555110818,0.605469089427462,0.28006135210629
-3.09734256780717,0.0643496013030028,0.279916125557737
-4.54220968890259,0.573716911494805,0.279831772346104
-5.07999852593791,0.536521864485773,0.278990052446117
-4.86244489505787,0.597170194712718,0.278778205641453
-4.10971458840495,-0.734745135079296,0.278007355679396
-3.13553863260939,0.194879866368727,0.277510245580957
-4.93152068761089,-0.58195217556057,0.27736958938108
-4.83732782135905,-0.640928714533958,0.277313569902054
-4.82118921563152,0.603438148384344,0.276694955214628
-4.10585806433448,-0.598552885642294,0.276562298874547
-3.33797858025798,0.537968171712753,0.276517165813635
-4.84206336515561,0.596673220546046,0.276288451993861
-4.8298604983083,0.591436410814315,0.276262202661469
-4.52694334012317,0.502074967188999,0.275977007986816
-4.80114535094812,0.520488192747857,0.275764511935027
-4.69905070309622,-0.531597075029325,0.275654346848023
-4.84565647999968,0.594717452834593,0.275303412017455
-3.44371581077098,-0.338647801824571,0.275054579071162
-4.53184921745349,0.497320947803789,0.274659071658375
-4.79361851838396,0.544591956076527,0.274319902603665
-4.61540355981185,0.519955672983484,0.273202422025592
-4.50790973315504,0.493882052163612,0.272716273621202
-5.13907452545993,0.550860680085093,0.270049624002575
-4.58028200047439,0.660371574271132,0.269746731462941
-3.58200583663955,0.489627955887743,0.2696573471954
-4.71427606915545,0.534464474960799,0.2696132130764
-5.07139715277907,0.595339478124001,0.269361149099136
-4.86712849584503,-0.607007387605226,0.269233677610964
-4.65681959936316,0.653263878359367,0.269010477928927
-4.85721759054076,-0.613051313264481,0.268910057392294
-4.63121684200974,0.579897470431218,0.268446659554337
-5.27674049179079,-0.564910621206952,0.2682089071524
-3.68090746200548,0.195498821683809,0.267260291519574
-4.85204763383282,-0.603881859612504,0.266952011371835
-4.84911628728693,-0.610406262199281,0.266436221906424
-4.83011302637641,-0.595560055849198,0.265616196800109
-3.2741501597386,0.399563558623097,0.265164713061561
-4.83586868799639,0.569965933525199,0.265051588728053
-5.21045121713736,0.529599493423562,0.2646974878282
-5.26098144966851,0.551163261433778,0.263965317448468
-4.63170232745785,-0.678395870395132,0.263456590636056
-3.57742037843047,0.334690401944474,0.263116317540603
-4.78164340954039,0.593581818080978,0.262919518415835
-4.76191036492183,0.597551877301176,0.262799437434079
-4.82004471405417,0.514982844492214,0.262790967150238
-3.14492626886536,0.173968617569574,0.26267603513496
-4.81605536465953,-0.615303095466199,0.262659658469056
-4.76848377988907,0.60095923451103,0.262421742229044
-4.83668981837394,-0.573377885322898,0.261187158927718
-4.59976728467536,-0.635931644321286,0.260578565263077
-4.77405430271198,-0.634349750144378,0.260558199326959
-4.62792755870975,0.531617398818123,0.260396351041598
-5.19072224968392,0.50976854531999,0.260167099215517
-4.56907161895014,0.659816159344229,0.25996343136571
-4.378026558726,0.525486513880489,0.259850688740004
-4.49939250471331,0.48509716433932,0.259582883996862
-4.97834107491999,-0.536968465399211,0.259467230507708
-4.7913948337804,-0.588956851435404,0.259155916419093
-4.86679412542262,-0.577901891329965,0.25909646158733
-3.97324413503645,-0.557068801540779,0.258560358707877
-4.75261920642368,0.576772889854272,0.258419967843973
-5.01803476437669,0.501569784631685,0.258363382178543
-4.83467170254104,0.542217486772397,0.257911752782769
-3.6724198905609,-0.208518649073686,0.257533736211425
-4.2421505819961,0.664026080189854,0.257493006925004
-0.887700419010001,3.09650055443094,0.257429162534206
-4.79595187179016,0.463534381739593,0.256686442869568
-4.67183934832657,-0.496759377546321,0.256429800307218
-4.57764511638704,0.497482609595329,0.256179872762422
-4.78892204254173,0.568193771375258,0.255493576194982
-4.84073816927938,0.538838364869224,0.255480295361348
-4.67155842271867,0.445501013012475,0.255036339892319
-4.71690788099516,-0.568416820370923,0.254231920574326
-3.75590067423424,0.284331835811487,0.253678388167059
-4.2103690433096,0.510823127816948,0.253367832505745
-4.94717538834491,-0.519388987205548,0.25217982650367
-4.77937190743781,-0.604416599710381,0.252178725830436
3.65402167337434,-0.871266239130183,0.251701725257705
-4.58580462554251,-0.549801671755695,0.251228424836471
-4.84085373106776,0.523181206453332,0.250654832626384
-4.04019438994745,-0.484154349416737,0.250486186592524
-3.90973833207332,0.499112614759012,0.250062890742911
-4.02804861278618,-0.719643580787996,0.24993644921753
-4.22157172444826,-0.42238590531082,0.248969965209603
-4.75514201475497,0.562849567004846,0.248715574915058
-4.83022551824079,0.517335037757332,0.248634516369858
-3.64167759231524,0.287791595416894,0.248401048219384
-4.82055360633686,-0.555381335231332,0.247858876595007
-4.87012113040069,-0.537946871854962,0.246756345912913
-4.54381729535743,0.404204696924971,0.24651041179308
-4.84862867886819,-0.549732638626628,0.246072288928658
-4.74700697765791,0.524521465477063,0.244809157174608
-5.22987897436098,-0.433077360571241,0.244785424008513
-3.25625406574256,0.0324803419051894,0.243694159019869
-3.95007306800924,0.477905581743117,0.243505951585112
-4.80569151290335,-0.5456793203189,0.243408212749161
-4.00506088268263,0.578689174172773,0.243071491169693
-4.80993731680242,0.477673832548187,0.241364832732922
-4.8374740209308,-0.536051808843458,0.240504653248155
-4.15336049626544,0.491962483198243,0.239862231564965
-3.32788533856919,0.175284632687153,0.239238521663674
-4.8512666294193,-0.525592261523737,0.239099880101738
-3.80529890956343,0.230956567973592,0.238855804950872
-4.2052197327053,-0.777799577313148,0.238653975947273
-4.81878351441199,-0.528351248945008,0.238623998477853
-4.4760902380221,0.398906080558111,0.238391266331112
-4.83157413677938,-0.528229048892515,0.238021663534182
-4.72280370629013,0.462926196024076,0.237605341520755
-4.85217009469991,-0.519972236898713,0.23729471333584
-4.31067759576828,0.415799447051227,0.237145499670742
-4.63750754773617,-0.660808084102535,0.237020310641529
-4.32048842115253,-0.340991807098304,0.236407754252944
-4.4961254781284,-0.534985933516469,0.236152703262172
-4.26363470813681,-0.367280470761164,0.235726015135895
-5.23301735202091,0.45731764982357,0.235705148158316
-4.85294787919384,-0.513502474210736,0.23557143992926
-4.84426732619753,0.48383717054009,0.23468635586665
-4.60487909143299,-0.667240779604975,0.234535593949102
-4.48245418844977,0.395591773362217,0.233902372108219
-4.83284239363033,0.481285226411975,0.233882347785896
-4.83360572203856,-0.516242911583995,0.233328931174471
-4.79831575528275,-0.474933674024169,0.233294878715778
-4.22293561281116,-0.347405446980326,0.233230184041799
-4.65846795771503,0.434230828621334,0.232976229344975
-4.83788798859355,0.478292873087822,0.232587765442873
-4.77557941890919,-0.420581319651845,0.232550642035549
-4.68640888528951,-0.6063801795924,0.232474218337962
-4.83508798762349,-0.503911968097311,0.232380225019085
-4.84971644469224,-0.499482347642338,0.232083426892779
-3.69740319291044,0.0611130279748692,0.231940922596856
-4.73019591767017,0.472974978922146,0.231879772523966
-4.24450611687285,-0.50342097292661,0.231826731861141
-4.9615449817851,0.42756077298921,0.231383004722691
-4.74202794734942,-0.423976475089295,0.231087917786393
-3.78347767381698,-0.402776752623208,0.23098489377341
-4.8409542716172,-0.506598523408871,0.230975001954559
-4.79114877431502,-0.534520352180167,0.230662441501011
-4.85380747911631,-0.497270075919359,0.230439079855403
-4.84223659613924,0.468193496806606,0.229750998098205
-4.8031935414629,0.468869207795559,0.229322706450055
-4.85124655652801,-0.491080418344671,0.22889614174018
-4.80113878062668,-0.467301344084229,0.228565368787115
-4.46412972829204,0.37807715866983,0.228320193778612
-4.07953425195659,0.405998812633103,0.228318254572296
-4.85284043350723,-0.48917377737577,0.2278785859561
-3.78453002895391,-0.374057817098557,0.227623614417171
-4.11495874730184,-0.588952806337222,0.2275583146496
-4.2778901407519,-0.381437937750847,0.227506372088859
-4.84341217540296,0.457257895713026,0.227073041027921
-4.86885908940273,0.337013987815746,0.227019433375577
-4.54437410545416,0.371810115727358,0.22674718118836
-4.8401070648496,0.456421548861761,0.226475275074559
-3.98982486936383,0.441987498280106,0.226301894253934
-4.37317019595055,0.701199962995811,0.226285556130781
-4.652243802454,-0.328295161209331,0.226237625493955
-4.84263687877895,0.453150292125053,0.226204516506198
5.15240680176859,2.64685948372069,0.225673655450299
-4.70904541102103,0.499245949055698,0.224973096986712
-4.77022868143816,-0.523734885939588,0.224750442022313
-4.85683377766362,-0.477635343419757,0.224728598980103
-4.42200439823581,-0.728214614028739,0.224390566490273
-4.29391818705751,-0.250420387206738,0.223743529988556
-3.29036805588401,0.0308460518406137,0.222657404157075
-4.84127770481033,0.446586744187866,0.222653662538233
-4.83673464468308,0.440257451969821,0.22199383592528
-4.17275207609948,0.32329574027532,0.221816117744585
-4.7263558501378,0.317522092563389,0.221463481876753
-5.24905140916571,0.397515875082417,0.221029582514596
-3.72205843132341,-0.15994676775265,0.22093174404307
-4.8313975315528,0.430535096652775,0.220779224157758
-4.48898310047182,0.645386758421829,0.220629715411132
8.51655774659226,0.373392668454098,0.220564905756105
-4.33102882705109,0.356161451427427,0.220417001115459
-5.14957434792285,0.389638827570487,0.220379191484442
-4.5339326268734,0.363102312001875,0.220341242302063
-4.81465924868721,0.427225332203254,0.219643691652614
-4.82860693788618,0.413328279824738,0.2191585849421
-3.88190721896497,-0.0992742479850802,0.218907932136665
-4.81904857347319,-0.44100539273919,0.21869518902683
-4.49308485282885,-0.593874091015393,0.218661880238429
-5.19215423909579,-0.288508117812998,0.218040376662224
-3.83965810342946,0.0713445115866794,0.217910040103344
-4.30049361329761,0.29080089494635,0.217014904773677
-4.85283813552778,-0.454991851389922,0.216877977585473
-3.83532974317492,0.0167321996032833,0.216481991397295
-4.83589393958537,0.421252509094502,0.216145431625449
-4.74264476425612,0.457285682112008,0.214869183146339
-3.80592846687894,-0.151240015842806,0.21474881095385
-3.43071091123502,0.226699233203438,0.21454838699737
-4.8496657519255,-0.449347278026372,0.214541416158207
-4.69673369940014,0.341838888352126,0.214218159487728
-4.84765814492533,-0.445877668270643,0.213929194136484
-4.74038022426027,-0.450190541606074,0.21384201356091
-4.84440740746779,0.417159348543625,0.213711748018489
-3.8533134627707,0.0111635759188199,0.21367104843455
-4.53316753518212,0.266519031391311,0.213255579907938
-4.83313852071257,-0.434766663126117,0.213249187002366
-4.67601903920869,-0.366050384905799,0.213160845345544
-5.07168621135979,0.288168088405244,0.213118286115641
-4.8505613087939,-0.443817281507429,0.212977668854954
-4.90731615959887,-0.294158096268545,0.212710276959307
-4.81633008788206,-0.444262693487351,0.212612428755571
-3.89971845196508,0.0999587017424621,0.212531341552596
-4.45016004093677,0.259093060966551,0.212469272051557
-4.83952025127009,0.415543099175359,0.212434204425959
-4.85016559983027,-0.441736567889842,0.212358466901523
-4.01437413828576,0.428644570066434,0.212308100590364
-5.12278083317769,0.254139372204335,0.212276765597647
-3.81263964106068,-0.336538384103954,0.211650871542505
-4.58739061208441,0.300033110568778,0.211406377882415
-3.85087367046664,-0.409450733194794,0.211092099589136
-4.74995282598751,-0.453029865656922,0.211014336298373
-4.46140451407809,0.34920971275076,0.210940540748016
-4.98354350544414,0.356437325179744,0.210288396025801
-4.79181276658073,0.326470868036767,0.209896078017064
-4.70895408365406,-0.473515473248787,0.209866869500773
-4.8544216464423,-0.43049706272649,0.209759231493189
-4.7521459749279,-0.443998491549371,0.20963499109511
-4.15292134468155,0.397202794941244,0.209398017604321
-4.96622087865615,0.334687171488732,0.20927768827556
-4.8450421961264,-0.432182973046889,0.208799969143915
-4.83480584161867,-0.417085922068592,0.208569746119075
-4.7996264783676,0.378596867309757,0.207713284829127
-5.01436431583493,0.341012608409125,0.207459436864965
-3.95636121934569,0.0993446330675601,0.207132201992958
-3.97768695892284,0.0924384934629792,0.207080323300841
-4.8400438060266,-0.428676446967628,0.207029181555332
-4.76034794903955,-0.460800420186124,0.206973084291001
-3.82574258873403,0.136054467447751,0.206930919268353
-4.56532929923795,0.354841629943561,0.206791401357467
-4.03983940570574,-0.0353868862371854,0.206691004633064
-5.00724865956588,0.176783515633284,0.206356634812262
-4.12923894954646,0.548989392699638,0.206194294173517
-4.82128505962201,0.392085230227755,0.206121309721861
-3.93789813718949,0.0593842359722549,0.206057320788952
-4.24971135354064,0.115550955774122,0.205924295182942
-3.78691858830734,0.0845535372401163,0.20589900137815
-4.82762251268962,0.383423721862142,0.205893270814799
-5.24983909003437,0.343703392442375,0.205777705832093
-3.82973965830915,-0.328430725158177,0.205457500278263
-4.8492531613724,-0.418049176367512,0.205447368318441
-3.99642374108175,0.0646023099516124,0.205088239727133
-5.17705800227225,0.102799804205564,0.20459233157443
-4.02714151935523,0.0487663557180349,0.204492063223938
-4.35118826838946,0.636027226984592,0.203989371608567
-4.84088673833137,0.384221149963865,0.203875739088746
-4.13079100476439,-0.0131749381187363,0.203610729177057
-4.057319526619,0.00558164705865166,0.2035470986121
-4.71703345425077,-0.450219109327297,0.203445505512593
-5.16266400538257,-0.125130612905616,0.20320591159768
-4.07505195958361,0.0774690415436813,0.203134622533832
-4.84321274515716,0.383726325351916,0.202867994086189
-4.19218916259202,0.0721262038538615,0.202796675836057
-4.08717188814483,0.0526496960113135,0.202765486704968
-4.75818122612385,0.430541636376061,0.202593111558474
-4.1070474341931,0.0771924898347857,0.202569090049064
-4.80589854963172,-0.370844731406294,0.202549484949658
-4.04468358215126,0.00301035847754198,0.20248088770527
-4.1779291980822,-0.0603248689985551,0.20228931552155
-4.19773070512792,0.0628373339772624,0.20187143039025
-4.1941717281135,0.038969216925545,0.201840949009721
-4.07998472381756,0.0706483553639524,0.201695980324525
-5.15800167850586,0.31953590151889,0.20162894006624
-4.85186645658261,-0.403403897139472,0.201504377308093
-4.23419007561355,0.0272568163653986,0.201456381609305
-4.29468737881185,0.054419872369928,0.201387478197035
-4.71680933864142,-0.430274546661313,0.201312442147937
-4.29025023156293,0.0274390851327455,0.201006163381159
-4.31804457917274,0.0117503542200642,0.200967118590708
-4.18319333733643,0.137722111556666,0.200866770426702
-4.29999033072373,0.0268486950434034,0.200806431820136
-4.85084680796244,-0.401465380832384,0.200793923306985
-4.28262218152525,0.0561250493174158,0.200631585739276
-4.29682024940162,0.0289710445824962,0.200315973467996
-4.40531173540701,0.328030484399497,0.200246724279056
-4.38497656733813,-0.16039697986635,0.200240959942079
-4.34810240670723,0.0102142378579857,0.200192637687977
-4.20443502151808,0.182847336443269,0.200185448811189
-4.26123412964062,-0.0368959521267423,0.200129402183981
-4.62136330740193,0.0860129659664446,0.200042557177102
-4.85489980948284,-0.395580409815925,0.200037482014937
-4.59388444079859,0.429473075232162,0.199882487443105
-4.52581653839576,-0.159093275168286,0.19987612472083
-4.84241775709323,-0.396628243592166,0.19974066482046
-4.32272564920386,0.0306143042078571,0.199641005794386
-4.35734049521457,0.0508347350302439,0.199576990624594
-4.35817901351297,0.0447590139299129,0.199522208811518
-4.29745002157267,0.0498875946192071,0.199452398747521
-4.29596999480731,0.0336237639568956,0.19932248204143
-4.61515329833281,0.239559778099204,0.199111978262529
-4.85115181517373,-0.395172846029556,0.199100802339273
-5.15599165756266,0.0430753725864958,0.199071300138668
-4.38008874009228,0.0179020462836452,0.198966127540979
-3.5951994667844,-0.0362217986636063,0.198805329782904
-4.66327436754814,0.370904570579301,0.198796313714891
-4.37208672924831,0.0352344986044356,0.19864375284565
-3.90910359507834,0.239760366882001,0.198538580654097
-4.53127342573823,0.110644902098463,0.198442756307475
-4.42240795622042,0.0417220197940621,0.198428210573303
-4.393872382795,0.00943011300291183,0.198359521385065
-4.84839634960364,0.365050910039364,0.198316814320714
-4.39708410037622,0.0130019208145955,0.198304828085494
-4.39840183888428,0.0137944378320331,0.198213648479198
-4.2845721509907,0.11372521221952,0.198191097969335
-4.4017815560386,0.0391503572823902,0.198000881907857
-4.5850095946801,0.196447594336324,0.197983253367983
-4.73922742109515,-0.162800535289169,0.197920049267055
-4.32012635504881,0.0468106980250366,0.197782806685203
-4.8474568923216,-0.390168441804851,0.197687149723872
-4.09636913577,0.0420115105400045,0.19763306588147
-4.26526863955202,0.0274791640372246,0.197612205693411
-4.76675506427239,0.403720614929937,0.197558818432853
-4.83199642790741,0.361123181139585,0.196913280410886
-4.44263895139575,0.0333475395792312,0.196816798955352
-4.73443791689162,0.367102694381574,0.19674276774755
-4.39193091308961,0.0205772930049056,0.196741818134026
-4.42433623681027,0.0329891761474267,0.196704814821741
-4.41355839169885,0.0187299963285489,0.196610964623308
-4.43419414064842,0.00925617659747882,0.196421253993955
-4.44649825110288,-0.544159284715295,0.196402434531642
-4.7671142403165,0.394556144703435,0.196339084453129
-4.40682429991477,0.229715191373469,0.196146923642469
-4.12878404543787,0.0148677740067923,0.196067333821738
-4.83677867699125,0.362452686453776,0.195977881248534
-4.45255016701331,-0.0401910726736949,0.195906269214887
-5.17667374561866,-0.238453436682411,0.195729906584365
-4.82319674606822,0.332751723609683,0.195174846861422
-4.46073522539344,0.0468061944276764,0.195139486661019
-4.65020034858612,0.22876158903011,0.195107954421959
-4.80360926091474,-0.339930240480939,0.195023490178304
-4.85049676212515,-0.38019913361331,0.19495465709726
-4.31139552369666,0.102701581930462,0.194834807698401
-4.83390293774531,0.349670889145642,0.194775242998712
-4.0208499341048,0.0344686648127816,0.194668822700458
-4.8389035598375,0.351536522392484,0.19466862409582
-3.99053942488008,0.150593954075496,0.19452124711812
-4.72208293438587,-0.464602466703288,0.194367055540399
-4.52922321390429,-0.136135016216034,0.194356626545619
-4.87274588241042,0.326147791760506,0.19432379197431
-5.02599061685939,0.170623111637581,0.194269889432846
-4.96595571108819,0.293427141638685,0.193949804960144
-3.73917825347614,0.213392023574865,0.193940696867376
-4.36721858466276,0.117298755502857,0.193939499296191
-4.71014835215924,0.29949968286871,0.193860959155103
-4.85213236185772,-0.374846098824087,0.193646167285392
-4.35472321232421,0.0304788125616171,0.193624840680794
-4.66691701026763,-0.38218124580002,0.193602274438574
-4.42934525707864,-0.0350782736407091,0.193441952274843
-4.84391850612056,-0.378210311300428,0.193437694087883
-4.34776523744702,0.0425768574804491,0.193389927752229
-4.65965886181337,0.0813643178922933,0.193213008723926
-4.73237885679695,-0.417196444223935,0.192794604845675
-4.48244672674796,0.00263553051669625,0.192766607940283
-4.63322348106531,0.345036710980612,0.192683912626092
-4.06400231669671,0.0714057281380284,0.192612473176922
-4.49412683063951,0.0355173542895112,0.192596752330519
-4.84653810552819,0.342878771571651,0.19224648256044
-4.55130105350476,0.063175363106334,0.192107586433692
-3.84099592934266,0.303818234593779,0.192090020798826
-4.08709556032931,0.0990082597552246,0.192068840600188
-4.42684590512104,0.0454777089429415,0.192041628090869
-4.02176720071578,0.0488961838550383,0.191867783195971
-4.45336969693998,0.0102570856784793,0.191680612339796
-5.16506837705431,0.274824828401737,0.191587978274374
-4.85367416522062,-0.365072027341736,0.191440349175892
-4.28260806483804,-0.00974776534468552,0.191418367718541
-4.51327557078675,0.0286818422635607,0.191180962962213
-4.72713919616682,-0.249033468833816,0.191023944557483
-5.27345960532549,0.294021370243707,0.191000262035189
-4.66604916308658,0.194026755167266,0.190958901719333
-4.2706915539851,0.0601062719199043,0.190806718558691
-4.52102403217109,0.0337906176433762,0.190764756099289
-5.17913514215478,0.269275853041311,0.190622608294982
-4.60786252550462,0.152770169680038,0.1905513279206
-4.54659094716642,-0.233789214290011,0.190379256957766
-4.82451690985748,-0.379863492440775,0.190335046955435
-4.50035862120737,-0.0373034710448683,0.190323102766971
-5.14852697350009,0.260953851689127,0.190283694011642
-4.49572988274188,-0.0415182535339378,0.190238120095698
-4.53154604358237,0.029207100185494,0.190157819014237
-4.27219861147165,0.0484428254950283,0.190131369002316
-4.49759932428655,-0.0347826567318193,0.190114874527156
-4.84733276149413,-0.362605553431353,0.19009358514955
-4.83781844539978,0.338076287842847,0.190014416089726
-4.30957047385954,0.1192141902203,0.189991511351257
-4.22854725050658,0.052517797556351,0.189820607485144
-4.96624419770102,0.279804704982511,0.189592043526061
-4.71610668339604,0.333352138496424,0.189511773599934
-4.53780259181502,-0.0165375548111051,0.189504472731774
-4.84499458644604,-0.362625380729158,0.189498703918173
-4.16229144583294,0.0378657301363479,0.189186134727589
-4.86667751832173,0.118661073594268,0.189154558392953
-4.74443874335072,-0.249056761592161,0.189116659298953
-4.54399585105599,0.0259902649592539,0.18897471482605
-4.28815514846376,-0.00452242404653692,0.188859072196054
-4.3409268999939,0.0314207630105138,0.188828522658511
-4.29030393415168,0.0483103414106114,0.18878227783416
-4.40851739522033,-0.0729704033261281,0.188609068713087
-4.6709676850035,-0.353834295343665,0.188597226035967
-4.37880990004682,0.0659225036144298,0.188563244006792
-4.54196278839707,-0.00294022418055937,0.188461625261305
-4.6481694499327,0.311455940695177,0.188452466440581
-4.48306949871134,0.0854777766836024,0.18840347103001
-4.3566150237702,0.0176828327514428,0.188231418882254
-4.77893961959838,-0.403284910091941,0.188219898491423
-4.3820214291747,0.0227187262515888,0.188204998910259
-4.55105319018083,0.0369455773086992,0.188181475546392
-3.96655944795274,-0.00576927463529304,0.188056530580092
-4.71214760180044,0.160523324039647,0.187898155463282
-4.54582919004638,0.00510590633698579,0.187881527840365
-4.84953479869779,-0.354457688582254,0.187866005541695
-4.24975974820441,0.128101872677727,0.187841975157173
-4.46595295225636,0.112899432094862,0.187628187513474
-4.3668842279904,0.0876067910890973,0.187558767037046
-4.83701081301354,0.327058573332783,0.187554863577265
-3.87677400175085,-0.301564006508922,0.187497118760125
-3.88040539756677,-0.325811771408886,0.187396677008345
-4.59537211090491,0.104090178238922,0.186740654714923
-4.84898127537349,-0.350070390342887,0.186688293155016
-4.56641310754773,0.00453667973406185,0.186587114800028
-4.58496541348704,0.0176684170400495,0.186398095671635
-4.56834486329154,0.0197982217779187,0.186314305372524
-4.52394598547356,0.0821667834440581,0.186148196002729
-4.83982873087594,0.320087188053381,0.186036129129755
-4.32385733948952,-0.0373331023049741,0.185914789946574
-4.74325023066461,0.381750715241571,0.185732708278491
-4.57420883434538,0.00477686444246378,0.185692989250126
-4.36879085483522,-0.0217223359326504,0.185669497097846
-3.89940053936152,-0.305332697258085,0.185668415320177
-4.53620454050105,-0.0309934480414137,0.185523458720201
-4.50812761927885,0.127295262223375,0.185409406052418
-4.84156272634621,0.316988268070714,0.185249587144454
-4.2389751438229,-0.332409082364987,0.185051508178964
-4.77966624365674,0.334229723841059,0.185008351826817
-4.588684972455,0.026775542291315,0.184841930225408
-4.51773617650829,0.0338433230665376,0.184832460314113
-4.78422040605798,-0.387101630364669,0.184821306299179
-4.90287101676283,0.214151901718722,0.184738769174774
-3.87859789180233,-0.290692026164153,0.184717251099618
-5.01462379221125,0.221197307435286,0.184501586394082
-4.36179721028044,0.025604675540738,0.184199478031727
-4.59335753203368,0.0315221735365847,0.184187488014855
-5.19721753828291,-0.123855473498406,0.183918210720453
-3.89551187634813,-0.0904735784626006,0.18390935093637
-4.5628993188932,0.106061313756086,0.18383909429053
-4.53285682454121,0.0239054502599132,0.18371040962249
-4.59897845512265,0.0260179218936214,0.183670819627848
-5.26702228312445,0.0728319299406792,0.183670783891584
-4.23293822519116,-0.191456897984354,0.183565721037083
-4.59914559583756,0.0104340150156457,0.183424891384051
-4.87008098578451,-0.291221672629921,0.183257306513785
-5.05651312124006,0.159383314778926,0.183216010219295
-4.60037588267479,0.116533688667711,0.183159122187963
-4.61308709220742,0.000893650698874196,0.182905534887097
-4.84749799116385,-0.335422948206271,0.182891111877113
-4.83196945769604,0.313864259101078,0.182756343875865
-4.57994657370939,-0.0461080458122309,0.18274559321689
-4.8864081098014,0.283454378229978,0.182709308612038
-3.87974984863417,-0.271403924649256,0.182658056659107
-4.60871841746956,0.0182796119440677,0.182657146530764
-5.13300917115974,0.0246166906797103,0.182386600363188
-5.28398321705812,-0.165617872579563,0.182281127679467
-4.56602933967121,-0.0134434561161798,0.182187414309592
-4.49594165241771,-0.0607329652195916,0.182028153748884
-5.12761844188683,-0.0316188010665614,0.182010384417467
-4.616836302056,0.0172562063654706,0.181814555159919
-4.75030484233333,0.342377657348578,0.181753326019975
-4.61684180699795,0.0224526150749243,0.181694734212713
-4.68243443408381,0.0507891384269317,0.181666574607796
-4.83401422440441,0.307116765423752,0.181624212442128
-4.60019444332676,-0.045017298615981,0.181411016046772
-4.8437843779037,0.29594664343422,0.1814097691613
-3.90962925935013,-0.11683655641828,0.181403609619446
-4.67677086918675,0.303502757895553,0.181397007954789
-4.79390198814663,-0.359099330437403,0.181290803836425
-4.74496717165637,0.117899362338579,0.181093087625808
-4.62469637941724,0.0224649350783416,0.180747559335262
-4.85290601113914,-0.29582193767289,0.180663013763276
-4.60888466261179,0.0147549641064389,0.180620782084618
-4.82623575915946,-0.33580553572548,0.180276077691798
-5.05610371111667,-0.209992900987722,0.179532581161536
-4.50613603225636,-0.0745250774483986,0.179283487442491
-4.99783786359806,0.130922517624291,0.179086694206785
-4.36513590105365,-0.072299310862015,0.17899248177835
-4.07110979984666,-0.326045700636706,0.178699193794989
-4.83798778434875,0.290192665088908,0.178618581500614
-5.08475632500461,-0.0530493136760638,0.178521687060056
-5.27352201501163,-0.0505204359038206,0.178224728904341
-4.84993500629683,-0.314886876648035,0.178202658698383
-4.93839232993583,0.16907637291601,0.178186063784701
-4.81182943437067,0.0733823813532408,0.178112637630057
-4.65041808867907,0.0184518679051269,0.178037668386776
-4.5925437301606,0.0744748278266537,0.177759232885758
-4.6814697840533,0.301765875737552,0.177634206906476
-4.81917376482705,0.301248838544052,0.177605225754563
-4.84943788405791,-0.311986653392565,0.177546400583937
-4.79586527148964,-0.335239278554756,0.177339519614028
-4.66446967499134,0.0386846982804739,0.177220434418305
-3.9120659905695,-0.324457296496427,0.177214757116749
-4.66305276555462,0.0284139237038687,0.177149569826399
-5.15775766367437,0.182682535632557,0.17670334680874
-4.56399680005934,0.460695976302312,0.176522819651275
-4.6268490655967,0.00461909577467897,0.176522487912785
-4.65510181347496,0.0217206542379033,0.176512982711593
-5.15067954986872,0.181380522259909,0.176379144531074
-4.85087292754694,-0.305647082825769,0.176324632922935
-4.58451061212481,-0.0549596413840049,0.176319606138248
-4.63566114680197,-0.0433051860689788,0.176279288439474
-4.63508991308335,0.0597885728011467,0.176266229042531
-4.82022938349845,-0.320707111967939,0.17621404003271
-4.76288863275346,0.329651335041264,0.175827191400087
-4.99648638082422,-0.0363608117095642,0.175605090144185
-5.02368673630247,0.0263328279453811,0.175511473866447
-5.00964815472207,-0.204032349616123,0.175165270591462
-4.34899147794607,-0.0722147863575307,0.175142586991687
-4.67239359571041,-0.0121715526653526,0.174969856265328
-4.80888586888751,0.280157076756391,0.174808354886571
-4.64471338225717,-0.0685666457581149,0.174797394190684
-5.28126538433978,-0.153442345946961,0.17478280259935
-4.84209612601606,-0.289924107473983,0.174774314171905
-5.28384636755629,0.196318356784625,0.174747030445184
-4.84536138509848,0.253720488597242,0.174505559903837
-4.07318198232024,-0.537182750165293,0.174493645318194
-4.68012809510722,0.0169387853846131,0.174358726486917
-5.28404264406501,0.192279183820152,0.174233970103333
-4.64982253418677,0.00164587625046617,0.173947767101243
-4.94559961639834,-0.0692800579414367,0.173929589730364
-4.68187284628263,-0.0165941925428716,0.173802970707033
-4.82948787058348,0.26515423749469,0.173751841092432
-5.23996199226316,0.0461593208998729,0.173751475809033
-5.18702305936444,-0.113137342104354,0.17368811297685
-4.82113202892116,-0.293427804415636,0.173595398879891
-4.5831260541484,0.0412921876188543,0.173588905026081
-4.84102476207138,0.269650503814812,0.173498055578558
-4.36299540963538,-0.0749183391213931,0.17341813130386
-4.8003408939149,-0.00777842216526006,0.173288076655078
-4.88321331380663,0.153914666822961,0.173228774751493
-4.63569182390699,-0.44307414548316,0.173223332294094
-4.55873383953243,-0.0224467835839547,0.173137499861489
-4.86068151134032,-0.280369162414573,0.173061464691308
-4.64415647002675,0.0555171031749177,0.172910752983966
-4.80777705871937,-0.262261201770175,0.172828341538597
-4.44827342373077,-0.00533352928386531,0.172764757760901
-4.83784541199922,-0.263450085043254,0.172705395065345
-4.6516184590561,0.0104920420962974,0.172668752940846
-4.80950781597179,0.248917055723577,0.172449700403162
-4.72359158877268,0.326267009519844,0.172426919490169
-4.69318855063662,0.0110082880868794,0.172369260337148
-4.69413798037762,0.0113101464389819,0.172362992880623
-4.76301434960983,0.162819889474607,0.172346118361747
-4.93163108964281,0.00633198215033942,0.172269436757531
-4.58402389686464,-0.00368302788063734,0.172174804850573
-4.52775684790498,0.359414283611209,0.172150340619367
-4.44239586787194,0.0911931991010526,0.171913868861037
-4.81708740412707,0.0724177851639035,0.171905835684622
-4.69081391645673,-0.00388444586364106,0.171875158886908
-4.84043167531336,0.262596739131511,0.171867675307513
-4.836848411806,0.262722426166458,0.171862298423382
-4.57912589326243,-0.0956887356053906,0.171794255908611
-5.2268698750758,0.00412745984069947,0.171743530370704
-4.79508026008753,-0.306069952392616,0.171727173034985
-4.65934019847901,-0.186856125661758,0.171699283137706
-4.7580324876905,-0.349513364988305,0.171674578576668
-4.58899341545706,-0.0172815293308311,0.171620115484252
-4.70335308911808,-0.0542571897463697,0.171612713450722
-4.70029436970215,0.00869241766617732,0.171612681704876
-4.81568076502264,-0.294491978573833,0.171605289202934
-4.84311050142373,0.247177884476409,0.171515726519259
-4.81665004126136,-0.302157867922794,0.171451396668145
-4.76961989399397,0.305755259987041,0.171353299815669
-4.89454402185102,0.122673333354315,0.17126492478243
-4.57820847514016,0.0218857562456217,0.171084729673292
-4.89909514142095,0.20281175308918,0.170935403866289
-4.77025189140049,0.290117334627787,0.170923373125449
-4.83871050989129,0.25880887747204,0.170868743930849
-4.67013821189361,0.0136756801142985,0.170857039007345
-4.57323827551318,0.0310416049526471,0.170699387651483
-4.82518173046488,0.267119939752338,0.170535563080158
-4.79584458734872,-0.189577897292806,0.17051534828811
-4.59060546065224,-0.0272426921554489,0.170304069786105
-4.69399400587957,0.0556848471880113,0.170300783905473
-5.19973660596357,0.0159825224714473,0.170274700258239
-4.76599632968496,-0.333750704999752,0.170270057686551
-4.3313265402333,0.0900073469975684,0.170257509919204
-5.1865070591111,-0.0992681068713576,0.170246783913553
-5.02060449405348,-0.0762159745691983,0.170232179646727
-4.8368211707766,0.256602884072242,0.170121490338497
-4.87299889824456,0.230889830506725,0.169916844626632
-4.5696031020262,0.0338410191451217,0.169734331111621
-4.50068491603703,-0.239291704672658,0.169580819963374
-5.10096385918384,-0.113736017710093,0.168933286176173
-4.29600824122936,-0.170439682840199,0.168916980370477
-5.20059725377013,-0.0210017314572523,0.168839319685247
-4.27159650325631,-0.0342033182591966,0.168832289299059
-4.80203855936858,0.0542526280693068,0.168439636758482
-4.78608014661691,0.286029168846384,0.1684177428525
-4.75530785877699,0.0122845163720928,0.168389245305605
-4.6462352582949,0.0733415996324138,0.16834825426551
-5.17393604480653,-0.0609244634996945,0.168323249770924
-4.43753192583388,-0.10011575853389,0.168308084010785
-4.84509016679495,-0.256301865452744,0.168254295375381
-4.7174861270234,-0.0248622783986408,0.168192471155678
-4.89608446243207,-0.131899526664726,0.168185497174971
-4.70569525269875,0.0396904517177451,0.168075825677501
-5.28752829818273,0.131180863690904,0.168050607190547
-5.14744755994654,-0.0588964105476047,0.168037395586718
-4.95733416940442,-0.00570103579770864,0.167928069929686
-5.01521842714853,-0.129989748822195,0.167919260407963
-4.59567028336768,-0.0512956344762673,0.167837660667181
-4.65710273980055,0.00275008184872032,0.167818201821039
-5.10819839104966,0.0864016969512656,0.167793585684527
-4.99250769109342,0.0624761367802399,0.167756857114117
-5.16518892458939,0.00320795730370921,0.167745575115333
-4.63894683646716,0.0653193184878768,0.167558369946524
-4.62969937771546,-0.0454527898887752,0.167537652783179
-5.06840395943298,-0.00567736612309214,0.16753043480036
-5.15203744744702,-0.0636110568552724,0.167529591796562
-5.14079587716838,-0.0249647783928338,0.167407354725883
-5.13545682691941,-0.069468508827139,0.167353234075381
-5.18994480390752,-0.0527952415411455,0.167317353563222
-4.70980437328893,-0.029618082629974,0.167290842143109
-4.61391941552377,-0.0332345584175296,0.167158058543855
-4.72978197601434,0.00838148657354409,0.167092989974281
-4.99085878594361,-0.107562242642257,0.167072518333741
-4.62805762480061,-0.0843232156889627,0.167048388997735
-4.72349753867841,-0.0347167219274121,0.166954178414843
-5.23471969698657,0.0324856771885447,0.166950076162157
-5.29295477574838,0.00583491349390724,0.166925553284541
-4.67743193428675,0.0649892137257608,0.166909866995979
-5.12924414149008,-0.0235487576879353,0.16688786262855
-4.7716815884184,0.0391473193960785,0.166867602085061
-4.72984347242332,-0.00355574940463562,0.166805187800549
-4.30926902231021,-0.0199047577582208,0.166741002609174
-4.24578755760345,-0.0340096693663167,0.166735160161259
-4.45502721522012,-0.40931022096844,0.166720962899146
-4.91576942595728,-0.00953343600075266,0.166662639385576
-4.91673704657306,0.0122184549319341,0.166630675387404
-4.65550725156126,-0.169679127884477,0.166574410060032
-5.09087730468315,0.104700939257363,0.166536412703233
-5.06859188628792,0.00881625197958768,0.166511197653618
-4.94112324151526,0.122897999549369,0.166406216202046
-4.61397160717074,-0.0211530201797105,0.166375256262577
-5.26805365176295,-0.0246165856004304,0.166361175971765
-5.1015547807018,0.035185374991117,0.166219484069413
-4.83223913126778,0.234307531867623,0.166183728222134
-4.73795286748924,-0.00670044103311049,0.16599994481311
-4.71475887703647,-0.0464685884600478,0.165960704285668
-5.18593114474068,-0.0155540593388131,0.165948925022699
-4.58194327741974,0.288902359943423,0.165930727197416
-4.71383372469117,-0.0977924319734765,0.165846690927251
-5.29984918618844,-0.0478546200647413,0.165741113028608
-4.731153358672,-0.0321051436346541,0.165739795231165
-4.56399333603556,-0.113767916974991,0.165733849395472
-4.73488037118052,0.0333295964713068,0.165695947692395
-3.94389915887748,-0.28635600548331,0.16554159973241
-5.22367444101257,-0.00486777687229,0.165528648857777
-5.02099025503246,0.0388343942116396,0.165500953062557
-4.73749133992297,0.0176738835197808,0.165476132040002
-5.24793226112787,-0.00765244505000714,0.165455722355191
-4.90396721500308,0.00885276141220085,0.16541425942503
-4.74571338984513,0.00433328332448132,0.165362927825775
-5.15925967211194,-0.0340199850714628,0.165335923660837
-5.07404149174727,-0.066158721722673,0.165329682474428
-4.07768247915597,-0.22787455557549,0.165305815288275
-5.25816942107133,-0.0213366851833767,0.165209239527702
-3.94694059726798,-0.297665664938453,0.165176093934844
-5.06762798291338,-0.0118206632168385,0.165073634910341
-4.92563291293438,-0.075906811267192,0.165060013213477
-4.4015276457003,0.25016817587079,0.165014939354283
-5.1967411119422,-0.00384638855839783,0.164978294780014
-4.87658889732002,-0.226597035069539,0.164927700062905
-4.74423908548141,-0.00506976027174686,0.16487503830989
-5.24984433688775,0.0493298637381271,0.164835533280667
-5.19243736442817,0.00356839820687074,0.1648165784123
-4.90293409337166,0.133933023945782,0.164812913269776
-4.65440575593454,0.107414235916218,0.164778281664837
-4.50806669381124,-0.0291361049326088,0.164776573892723
-4.71285595705094,-0.121965700980271,0.16477568155514
-5.24660665365829,0.0388721869468109,0.164721995442292
-4.65967014124953,-0.00400437026991409,0.164678875723091
-5.29581387434602,0.0673314778329528,0.164652951929962
-5.03220579160132,-0.0524386858228959,0.164622986773116
-4.92415680290694,0.124004517549555,0.1644444780887
-4.7475004392308,-0.00855858461001719,0.164429812446924
-4.9489519977946,-0.0156468606462963,0.16442037300704
-5.14580674395735,-0.00305991746705945,0.16441315842341
-5.28559490006474,0.00479667664521706,0.164343755384673
-5.2961790404294,-0.00196519149080393,0.164288847376166
-4.74732884253163,-0.00304322828659511,0.164250522221434
-5.29762181869417,-0.00060400885735046,0.16424583242504
-4.63636042001853,0.0225614390914188,0.164243934010302
-4.19282212017464,-0.250955050111742,0.164230606690734
-4.59072971098901,0.0478987215767566,0.16422624286437
-5.12902574495655,-0.0106741770971471,0.164224014446734
-4.54800016092954,0.0348548647859539,0.164203314635734
-5.03869196146558,-0.0289976537950437,0.164192355476352
-3.70848299867507,0.0264938901791329,0.164114016890339
-4.99310985486299,0.122461051600565,0.16405506107436
-5.11369345789644,-0.00377921017718931,0.164013926912819
-4.67111094085672,-0.113652451824969,0.163881849983715
-4.92604601303011,-0.00724309827323713,0.163853186529017
-4.73466233836089,0.0187705449570654,0.163852266698522
-4.54591837835958,-0.0142989297119536,0.163851136841582
-5.05494255580609,-0.0158736421754159,0.163828263578213
-4.56631686915065,-0.0269881849348412,0.163764395067866
-4.83690704076108,-0.230789703869124,0.163762982691623
-5.07716663924454,0.00123487376694254,0.163582412635642
-5.10827493877466,-0.00416136608289283,0.163516951429832
-5.10114379349478,-0.0115316314601612,0.163471353569371
-4.63623846041027,0.107885329325095,0.163340251923064
-3.85338601198653,-0.135458871149087,0.163283380109737
-5.00927293259754,-0.0193768268233703,0.163279289095465
-4.75262791500986,-0.000670205134533908,0.1631737637288
-4.26329172847494,-0.00919934629204937,0.163085001437545
-5.09182288733543,0.00290695607359582,0.163042991126762
-5.08048164170464,0.0132512366940872,0.162974186225826
-4.77110744146876,0.213013774853411,0.162973481420764
-5.08856504526103,0.023887104049813,0.16288608833825
-5.05373848563621,-0.0186324019140199,0.16287222955436
-4.74952583751713,0.00587895072831923,0.162816875209167
-4.74770343378184,-0.0133249688052339,0.162794498926628
-4.73270105302822,-0.118246469205431,0.162765013541318
-4.79422293867007,-0.284803001252361,0.162728806781459
-5.04321939405774,0.0365617084372641,0.162690067667917
-4.85412880976452,0.203611144101862,0.162564360771596
-4.64287872225214,-0.0290812986368008,0.162561924745563
-4.58227214075288,0.0478456441911441,0.162527047151441
-4.68774124058744,0.0123905156361684,0.162465876770157
-4.5726201615763,-0.0340047282173792,0.162386865081415
-4.75299763075062,0.0287787485241661,0.162385596312089
-4.75246766879209,-0.0110371714971967,0.162330660827618
-4.33727105145754,-0.287892073060482,0.162280617002389
-4.30559628226274,0.203984821999089,0.162190568440055
-4.51036105240661,-0.143199735116656,0.161916642179652
-4.89633861556844,0.0990021036789853,0.161885687389035
-5.03608637661664,-0.00531880126736002,0.161884708121595
-4.68558267700464,-0.054662782987298,0.16186038580958
-4.77027447635585,-0.0645901475903063,0.161534696124664
-4.6012835943933,-0.0307289385479016,0.161533634451396
-4.71922468529467,-0.0840376952105856,0.161393350489788
-5.04048385995595,-0.0248393179922978,0.161294637811302
-4.76375511423154,-0.00976187385085132,0.161286779903821
-4.11603518557442,0.00898289367758762,0.161173325426625
-5.03582320522266,-0.0408736196287114,0.161143517865317
-4.41819455955825,-0.0839986420921287,0.161017768002061
-4.62088888954625,-0.0103862303661236,0.160966619288453
-4.7839833083761,-0.161042787688254,0.160858504040278
-4.9864623746377,-0.00331587349528862,0.160832668962305
-4.97562284351645,-0.0178514385054685,0.160678124436931
-4.81564656813466,0.201607612635181,0.160642337606543
-4.72664203148031,0.016968784488902,0.160623221222249
-4.71714285853747,0.0758268123381899,0.160586090110055
-4.71935561110862,-0.0817554518117422,0.160555036373905
-4.76927740372769,-0.00814122363837237,0.160474896791955
-5.03666831913617,-0.0073094544384093,0.160399691956437
-5.00686734685436,-0.0681673206661122,0.160389331151717
-4.77645069359469,-0.0896742278099572,0.160341758495927
-4.83158250832685,0.203295166548567,0.16030399304397
-4.96871385792804,-0.0180322517318451,0.160209208719845
-4.61188391004479,-0.102944424460936,0.16017492818673
-4.76833269722965,-0.0111050473157825,0.160164732541391
-4.79323020588348,-0.0437877000263218,0.160093215070788
-4.71558928966861,0.258522246176269,0.160028801498712
-4.49710598616142,0.00110011766641569,0.16002039984836
-4.82423535575195,0.168672585681367,0.160019459929002
-4.66460511525336,-0.0207400499620946,0.160006049196049
-4.53051455037722,0.112240353967681,0.159860718857349
-4.71180025936371,-0.304898943779353,0.159742681869421
-4.84143080540821,-0.229647620992471,0.159685323217273
-4.01642589034136,0.1564097565363,0.15954461340126
-4.97148796198308,0.0886624423947322,0.159527723291129
-4.71902408625319,-0.0160228852990367,0.159392176968627
-4.98652490415452,0.00175164297576385,0.159289121111119
-4.6798481421337,-0.0182250421732,0.159202546389985
-4.49702680846873,-0.0232058314251915,0.159155886950096
-4.84155338685504,0.195180515215217,0.159123830376868
-4.56069242067647,-0.463188374096822,0.159046973959418
-4.77782839847419,0.251325125420901,0.159028663046006
-4.66698269571695,-0.0335493123144062,0.159012470084899
-4.85340145327333,-0.214363803877057,0.158979955717618
-4.65421255322933,-0.00914708755997893,0.158953662537282
-4.2327086488894,-0.241318579775937,0.158831375899474
-4.75449623368037,0.266163626600928,0.158772651148348
-4.6792447343883,6.94771097692166e-05,0.158646507748992
-4.70326061193216,0.282232605151326,0.158642510499507
-4.68950704983926,-0.209104547397859,0.158621921253684
-4.63682134215715,-0.0381240006931275,0.158580717366256
-4.77647355736653,-0.244342129508073,0.158578058683404
-4.69448561419503,-0.0145150283912292,0.158465142693535
-4.77947324590803,0.00826520297108719,0.158187748941495
-4.84489820904425,-0.212177337685179,0.158033661286697
-4.38169968344329,-0.119090457727342,0.157900514750796
-4.67188666544748,-0.0348208796377985,0.157886375592965
-4.58640828272829,0.0687380960454844,0.157837411443967
-4.71968540011438,-0.221505756889077,0.157719912390548
-4.73734165789707,0.190194779722456,0.157647277584988
-4.9846571445343,0.0342715122418889,0.157602771074031
-4.55070783836482,0.0193114763167876,0.157576620046959
-4.0388704068168,-0.10325623033493,0.157501961669915
-3.7950056524959,0.0498545699176186,0.157491961872377
-4.03593603770375,-0.372605967210839,0.157473996899861
-4.78153504138325,-0.0160019572678781,0.157404060337794
-4.8393663392611,-0.216511751323794,0.157383326539323
-4.55274589142885,-0.114290997537852,0.157237379734869
-4.92896147384958,0.00238143027819586,0.157209987492497
-4.9878109592839,-0.0105995133981606,0.157194348715432
-4.71022659710171,-0.0665477946860216,0.156997266633081
-4.47900644719663,-0.183075484617157,0.156990653879323
-4.76590525173328,0.0697760843977899,0.156950773478198
-4.9756668608978,-0.0125629683960295,0.156938999680675
-4.69817831453364,0.296994820596016,0.156926831384605
-4.61584174923914,0.103962631161681,0.156800592674761
-4.87486190421129,0.0128211678618461,0.156750405814924
-4.74364460955087,-0.0844535613624899,0.156570690555365
-4.72498031322518,-0.0952742429259359,0.15627455219288
-4.8180714626376,0.200507059536078,0.156250854508785
-4.62889781993317,0.0580562754891074,0.156147184050066
-4.9698145222153,-0.0140439338681886,0.156134959416769
-4.93912022230433,-0.0542080078184092,0.155922243679371
-4.64313091941479,-0.0379046417459554,0.155849113511419
-4.74395571139682,0.0115534967407094,0.155735473572522
-4.89168100915674,-0.143477835397505,0.155696683747232
-4.73926454150535,0.115367015052715,0.155658170187198
-4.64398944394692,-0.0295073718368196,0.155598274313475
-4.01311630023898,-0.0739448389405247,0.155535113287398
-4.77443499752962,0.0593014772159594,0.155382313762086
-4.5986159340352,0.021635008004221,0.155326602894848
-4.69206687630609,-0.0168094578884088,0.155324820744271
-4.73120836098215,-0.285886599105611,0.155323969660535
-4.53877280617258,0.1807097715301,0.155303266938206
-4.96298241786979,-0.016883802672704,0.155251126384867
-4.81482029844457,0.172242241873031,0.155231823371164
-4.83844746676544,0.0478680153854994,0.155178669380255
-4.64620899729927,0.27841215523027,0.155172597991445
-4.75259232701132,0.0152713141377455,0.155048884908057
-4.95870836063171,-0.0182780078347459,0.154886223683701
-4.68722475961306,0.0773879420166386,0.154781096473163
-4.85602416589543,-0.0413945156992241,0.154758669184207
-4.80509603177216,0.203283000026143,0.154756058719294
-4.95734565276201,-0.0145734755390369,0.154748598088121
-4.69760037262182,-0.0999575595587517,0.154744042549642
-4.95664886936567,-0.0153266025393527,0.154726601943804
-4.65941882454494,-0.007567237900218,0.15470582589818
-4.86471499666167,0.142640484574531,0.154696770704873
-4.64508150128003,0.0347878613972502,0.154497512786674
-4.92001469839503,-0.0886485251759109,0.1543947265189
-4.78703211513786,0.117198671733856,0.154221913863282
-4.89830640540414,0.0981052113883737,0.153915081087922
-4.69589882730799,0.0488066509496636,0.153804419776557
-4.78133683213793,-0.177293488589403,0.153792595716101
-4.16600220807979,-0.110441749911195,0.153735619741061
-4.94566022685976,-0.0189177839399352,0.153707119608986
-4.928102696001,-0.0813202763878629,0.15365549347926
-4.94385536958562,-0.0249200333045791,0.153562697540231
-4.93170419881794,0.0448107773507937,0.153383698210217
-4.93698254253963,0.032347716453148,0.153367496896406
-4.69695940352669,0.0172074729708592,0.153357558807962
-4.73186252444769,0.0638440444222663,0.15334348381522
-4.94121721352001,-0.0189007010182077,0.153284935207832
-4.85431681654068,-0.00292079345062142,0.153220321570989
-4.79491745639307,0.200237244431848,0.153170235986274
-4.93924793284698,-0.0213967484136658,0.153098035718142
-4.92977026556266,-0.0222395791031344,0.15304180419441
-4.77948113289058,-0.202312982523888,0.153019076039811
-4.41636049073499,0.247750265019166,0.152859726878219
-4.93604364931526,-0.00780671681806088,0.152752430426656
-4.6608400223539,-0.0381224775331337,0.152430232590044
-4.90520730153354,-0.0443704788690418,0.152360184065808
-4.88804496883835,0.00989149866748545,0.152113642026046
-4.92621321551542,0.0107333637158673,0.152020012000857
-4.7500935241713,8.24319818788897e-05,0.151967175323526
-4.61896630277274,0.0427666568628065,0.151870544793691
-4.65128488296206,0.143666754720065,0.151853014081752
-4.73731332906343,0.0875552880874399,0.151752150530862
-4.80984208427849,-0.0963824318436367,0.151707151343518
-4.75000749336179,-0.0537736831189023,0.151527111864802
-4.8621319671197,0.0496904522438498,0.151373319193057
-4.78928558070101,-0.11130888270366,0.151350474041958
-4.82656781698658,-0.191944218590098,0.150848058358849
-4.77548479961574,-0.248938844034868,0.150789144107988
-4.43799307658648,0.190686224725413,0.150702365364393
-4.83027942265801,0.11566522069643,0.150588333613535
-4.81074620156421,-0.0358917473555171,0.150472015829169
-4.90745041237941,0.0160244402542759,0.150339452914035
-4.84119279212721,-0.0106516619836956,0.150160038872757
-4.88607224539181,-0.105044126615252,0.149995968484624
-4.15693320270993,-0.37729277181469,0.149719224335658
-4.66996490072085,-0.0379899863842926,0.149709865478776
-4.70833077743652,-0.0689914294679176,0.149666028005519
-4.89577837414322,-0.074188507845702,0.149601801277397
-4.89526851516953,0.0399373384285276,0.149586431302164
-4.88220577130996,-0.101384330260838,0.149313858100075
-4.89301088370521,-0.0446276160850047,0.149207104395097
-4.88036099733008,-0.0399878312894737,0.149202393492286
-4.79738580112982,-0.0834118029459217,0.149053983861762
-4.84618603528526,-0.0135113369212787,0.148966836082706
-4.61445873970362,0.0186114271103892,0.148938057695951
-4.70185291268203,0.0621559151984145,0.148843760159146
-4.74575178039973,-0.0763521625632061,0.14882873687955
-4.86575695225443,-0.0797639277533428,0.148624197918276
-4.69151235873367,0.00231604270313445,0.148421925729363
-4.59310386699759,-0.070472393639339,0.148243531844616
-4.81939484102728,-0.0553056372732821,0.148064901681497
-4.82078220619384,0.0552952145355554,0.147994393696334
-4.83786306984951,-0.0215453035191175,0.147964400573963
-4.86399214072177,0.0753186835066596,0.147829012280079
-4.83532145888202,0.117686303697415,0.147646273805807
-4.69320752483614,-0.0392959129439528,0.147633776120255
-4.87868459526213,-0.0739308947104832,0.147459600249976
-4.80630650307263,-0.00282771383766524,0.147389212520385
-4.78723396254357,0.0719503947942579,0.14722860593608
-4.69880533923612,-0.0442041926553644,0.147226218940971
-4.71859929337386,0.0904838620544642,0.147150443830022
-4.76757051223043,-0.036615904879063,0.147127261299703
-4.72589234121592,-0.0554503402897429,0.147089031111735
-4.8310344862702,-0.0980515986257625,0.146904991620066
-4.63777027700169,-0.0617335609087653,0.146812096044435
-4.80681172543852,-0.0879696830837084,0.146534240685592
-4.82290025630641,-0.0385178027374712,0.14644748991607
-4.8765842413224,-0.0377038269948883,0.146375256339848
-4.81244914629177,0.031652725627739,0.14634146556842
-4.80799304647012,-0.018996481215491,0.146332289012154
-4.8319532936981,-0.0355433807377817,0.14630513102549
-4.8258170114176,-0.0554176887581961,0.146226556269276
-4.75987415522383,0.188099738225601,0.146051836217665
-4.50742719022216,-0.215866072482875,0.145861922837181
-4.80464611858981,-0.0760554969645221,0.14578988483588
-4.80305055544633,-0.0850988736909827,0.145723249144423
-4.68214572810885,-0.0504431102815097,0.145666481851703
-4.74734436428727,-0.14528286944097,0.145330466763858
-4.79393531719221,-0.0326519768429543,0.145282994013296
-4.82848020201054,-0.0350730825435782,0.145064779016673
-4.8538048082079,-0.0445377423959851,0.145035635485406
-4.82625152081735,-0.0105065756090041,0.144856006037595
-4.84526067757955,-0.0307132519729549,0.144603878003107
-4.80313222820373,-0.180355971978534,0.14460068414532
-4.84165303133148,-0.0580403296823997,0.144582040413687
-4.7353807247163,-0.0200108435138023,0.144544561774353
-4.42856485572948,-0.0516738871882728,0.144354424222388
-4.84252789708383,-0.0376153989970749,0.144340384828889
-4.74675356779892,-0.130374776909769,0.1442931680197
-4.82461700818655,-0.037163655623335,0.144196151930491
-4.80444715578017,-0.1016895808862,0.144108943952902
-4.81316295171872,-0.036511600920822,0.144045770137213
-4.81202479015014,-0.0876705456346287,0.143978844629441
-4.8611287812618,-0.00458858393938992,0.143891090226778
-4.81407461651008,-0.089849024182511,0.14378313316308
-4.83634132192937,-0.0298964855695937,0.143705841001062
-4.83753958440487,-0.0346611800406985,0.143694290573413
-4.73324385234988,0.0374590946283645,0.143562723301457
-4.84427334365898,0.0534742587068525,0.143553149875484
-4.81684248775772,-0.0822968732055195,0.143506337098702
-4.8319278392018,-0.118170322832679,0.143477161136433
-4.27756239151861,-0.0550991411408254,0.143368813943698
-4.83409510780816,0.0126915066458582,0.14335884892235
-4.81900307190743,-0.0699427129567855,0.143352777181259
-4.84972886780221,-0.0651732454083009,0.143328560308422
-4.83364767919116,-0.0920140206904042,0.14329244817727
-4.84115790013788,-0.0653657956355376,0.143272711081567
-4.82597304797065,-0.0181846115868263,0.143239925165043
-4.64220701571976,0.0404175703885169,0.143233547291527
-4.85299545587815,-0.0153658021369461,0.143170561461306
-4.76358441006385,0.0529148444159995,0.143141779412077
-4.83351461707956,-0.048704618450687,0.143095324270558
-4.82844711347769,-0.0742863027257604,0.143078814537582
-4.83902208052682,-0.0591392624180865,0.143038426682362
-4.8371419027393,-0.0333385943266559,0.143022770659797
-4.71353044383206,-0.0145125135193918,0.143012091195887
-4.72127727534664,-0.0454018853307202,0.142919655495277
-4.8391812616292,-0.0386137081425089,0.142863523012127
-4.74101806836712,-0.0342948021462135,0.142804434011489
-4.82671009228863,-0.00497997147071558,0.142781902181797
-4.67864724740411,0.0332935731000243,0.142775222339569
-4.81745779930671,-0.0357013897465346,0.142772256981199
-4.41062572252134,-0.11613139210428,0.142736627565517
-4.83727274619771,-0.0134028039031046,0.14271826264222
-4.84938558617951,-0.0640510086954573,0.142689300696236
-4.84243299613458,-0.031861203404499,0.14259479960968
-4.83792804838522,-0.0345756096762986,0.142584115360395
-4.82783207677508,-0.0136958201811816,0.142581423146989
-4.82826195891845,-0.0683108262057516,0.142489122235474
-4.81118276022816,0.0094361938359964,0.142452450793062
-4.83262901275376,-0.0552614167789677,0.142378640491601
-4.84032457563065,-0.058872183960805,0.142355975670687
-4.8419068927082,-0.0358581426611087,0.142331447305902
-4.80040426437648,0.00803726791618563,0.142248214693428
-4.84522164489075,-0.0355398227020315,0.142233862954037
-4.84454631132334,-0.0358415244927777,0.142201081570514
-4.83649419205688,-0.0881893746154584,0.142176325402136
-4.81854422952804,-0.106401025447242,0.142102261456436
-4.83551873814053,-0.0892860942771051,0.142039041670791
-4.81523742950531,-0.0929806073339072,0.142011054362062
-4.74369287333716,-0.0496394968483625,0.141989770430479
-4.84458046411654,-0.0366925540233426,0.141960361035329
-4.82698331652717,-0.107793669596851,0.141954360962852
-4.8414962734898,-0.0388096882914232,0.141915830740417
-4.84056718646177,-0.0584853081023963,0.141904127039084
-4.83969881960492,-0.067058291588075,0.141892982027944
-4.83109828807621,-0.0518160646358224,0.141861996576893
-4.83916874927434,-0.0567445712394276,0.141849306569858
-4.84201948304611,-0.030018896159591,0.141848252800369
-4.84483012029448,-0.0578204181322975,0.141826131653842
-4.84280240873881,-0.0353012518751286,0.141810796742756
-4.83796230951071,-0.0591989678268953,0.141797172118792
-4.84011986238184,-0.0583321815595264,0.141795158793428
-4.8218942981801,-0.0890379978583607,0.141786675254372
-4.84426159881192,-0.0421968299489809,0.141765819405345
-4.84444474578151,-0.0437478054539695,0.14174964630277
-4.82652262139793,-0.0612671990257903,0.141742368673795
-4.84397527847312,-0.0232277039289898,0.141736926992109
-4.82968110875057,-0.0588970780756922,0.141725918210877
-4.8167148491101,-0.0792812197978531,0.141701426380376
-4.84131126882881,-0.0551635883166981,0.141600553554605
-4.82344240268275,-0.0906750937640805,0.141598649801275
-4.82980178374637,-0.0167986792733372,0.141551976623978
-4.84190441271976,0.00693746568816761,0.141525598015435
-4.83098170779422,-0.0388615624989294,0.141495184467643
-4.83821637237524,-0.0225698028088963,0.141460649671374
-4.84357305886431,-0.0308197908294295,0.141446715096112
-4.81581174975943,0.0845927509373996,0.141392073642467
-4.82316705625005,-0.0908383640021055,0.141372305181877
-4.8093768350742,-0.0958500691085868,0.141322432484154
-4.8407222906818,-0.0466709939581648,0.141319364369885
-4.80904925298477,-0.10538855364942,0.141255490762641
-4.82224998582905,-0.0817472229074177,0.141037887253964
-4.82886010138547,-0.0186184699516614,0.140950456624421
-4.83875690594025,-0.0246638349137542,0.140943346212817
-4.826875285626,-0.0876733055202946,0.140923121065775
-4.83845298366234,0.00155163486089203,0.140806320023326
-4.83622010535066,-0.0395999198627302,0.140805330083041
-4.83338719775125,-0.0544820339867148,0.140528024737128
-4.77611618145824,0.11425108684837,0.140519118869357
-4.83328734227609,-0.0574742548254108,0.140511520762455
-4.51032988026913,0.101718082004875,0.140378063652424
-4.81786411476255,0.0022573018891619,0.140377413643638
-4.8153754626161,-0.0703757924445712,0.14028256526009
-4.83238051790222,-0.0392198833257452,0.140221897603047
-4.83429660134382,0.00191978543361219,0.14019572250024
-4.8178535352942,-0.0416215721133638,0.140056971489428
-4.82953862256724,-0.0208697354398954,0.139889014951389
-4.73468837252859,0.0250317014145372,0.139728490476284
-4.80880755686551,-0.0241235535397054,0.139640409161551
-4.81083349463619,-0.0339631845213156,0.139234269201089
-4.80170029660461,-0.0336436645228214,0.139133957913297
-4.82644880431745,0.0040663199789292,0.139013466144078
-4.77540169612848,0.133570197973169,0.138950618240238
-4.80736515233486,-0.0452181657520906,0.13889287798985
-4.5586400609006,-0.012782103506084,0.13883866374966
-4.76850505140623,-0.113399536989744,0.138818313864875
-4.81261929315321,-0.063999901980908,0.138752700837238
-4.82200899362232,-0.0106275852068639,0.138450281698503
-4.74436682759441,0.0430712962405393,0.138348449083562
-4.78474893848893,-0.0169922366270022,0.138171512937483
-4.81102579193544,-0.0422695901720537,0.138038468614813
-4.81462483174086,0.013174597753717,0.137640025833926
-4.80405904747563,-0.0656290331141004,0.13759070848452
-4.79758077144768,-0.0122084412776082,0.137562514012457
-4.77369992746598,0.0438360577138076,0.137316937447588
-4.76374816511241,-0.0514897009519745,0.137193113233038
-4.6239993534984,0.148194907920203,0.137182181389616
-4.76261244165293,0.00736654001587056,0.137048339336803
-4.80726097602635,-0.0464380917314265,0.137007294928121
-4.65911972147447,-0.00728567223579513,0.136976142889838
-4.67771800235411,0.0447083928292707,0.136901396298511
-4.75859398047981,-0.00838509136476552,0.136865643193326
-4.81048017945278,0.000342304813908199,0.13686369491619
-4.76892331712359,-0.122602597406674,0.136812776094088
-4.77192596767212,0.0601866318515075,0.136781540512651
-4.79070299852843,-0.00964655685678993,0.136720048295484
-4.76184971058407,-0.0744756709474488,0.136635853570592
-4.74585226620525,-0.0828227537263853,0.13612450288202
-4.70559592726359,-0.07085065236222,0.13592555296474
-4.68998244104109,-0.0572822592113059,0.135832851935154
-4.7517212084402,-0.0687316690926346,0.135669225658407
-4.70351762346003,0.188456564104929,0.135498382934529
-4.75493684109508,-0.176223696623418,0.135439518880768
-4.36323567858525,-0.186916281401166,0.135417243686387
-4.76351292271654,-0.058387865614795,0.135338820011244
-4.78398434216161,-0.116905940440675,0.135197022834665
-4.78383861611739,0.0190471238011476,0.135090792603089
-4.79424684136901,-0.0198628305690561,0.134863996328628
-4.73867705158047,0.0508432236226583,0.134767592120055
-4.55936917806703,0.250115959503501,0.13449494743427
-4.73931240268651,0.0724675400367239,0.134393907725561
-4.75328654153136,-0.0638519008278051,0.134144719034525
-4.76052813757976,-0.121832170248705,0.134030920721952
-4.76836579989983,-0.0442883815400644,0.133975138488169
-4.75514579106795,0.0336242588205016,0.133849361640687
-4.78544751939232,-0.063943452374906,0.133845988858884
-4.78165618508487,0.016165101244554,0.133719138492625
-4.68490226892236,-0.0416392994889064,0.133369568014406
-4.77098873292492,-0.0894704659405847,0.132725106351435
-4.77082593787905,-0.0596400483832244,0.132600759250307
-4.72609567964708,-0.0284010477898836,0.132534689655226
-4.70254037098871,-0.0760510468513497,0.132405919391653
-4.77005722445949,-0.0655254825246209,0.132338155013514
-4.77938597688445,-0.00708785839256059,0.132290245288186
-4.74380821794426,-0.0674093587251326,0.13217518438661
-4.76820730792579,-0.055756413537873,0.132122317153248
-4.56291791833302,-0.26875456127319,0.132107183679058
-4.77786841647421,-0.0057354726575987,0.132033132374637
-4.76987018456186,-0.0307828108105446,0.131913171756107
-4.72555988543154,0.0767151023306677,0.131842275512925
-4.76830575419483,-0.0693781430698689,0.131196113111858
-4.76317932148334,-0.0261960878958845,0.131086277097803
-4.76132113474678,-0.00582106286939315,0.129822232929188
-4.57489645490638,-0.106626884495691,0.129639748911587
-4.7089737506097,-0.195039199278061,0.129606731156971
-4.75131088502591,-0.0901604604097085,0.129125659696379
-4.71934704945695,-0.0671546303575191,0.129066616436806
-4.08503096131782,-0.254088418751607,0.129023012819908
-4.71699834144636,-0.0368487672049555,0.128575912833552
-4.69818126393862,-0.0675646249143628,0.12839692434632
-4.73876804249061,-0.0574846556023186,0.127219767356271
-4.63120305201129,-0.125970274587779,0.127171161657799
-4.65638714119129,-0.0892202085698753,0.127064290783741
-4.66937756280232,-0.143582343721631,0.126990975928492
-4.64126946697659,-0.00347755347370439,0.126678842419714
-4.67676059736342,-0.184751524410075,0.126478612604961
-4.7321708880364,-0.0806019168724401,0.126372906124622
-4.61843510064591,0.149193503722753,0.125616223522263
-4.60124337646043,-0.0762220901493839,0.125487966863065
-4.61149033200392,-0.0366378308481243,0.125438471610253
-4.6873497046563,-0.158609966761761,0.125301109251838
-4.61042638119919,-0.0406608873234687,0.125100983701161
-4.71933563932514,-0.00737463838064284,0.124993851814936
-4.41051711231849,0.107071361796344,0.124698828134037
-4.66335540275169,-0.0627568832978661,0.124096736152074
-4.66575854629227,-0.0946974947986439,0.123933020605313
-4.70694661142585,-0.086845646810657,0.123731829593907
-4.69772017158009,-0.132707478213692,0.123014947943792
-4.68088125883223,0.0692844454512116,0.122789745031963
-4.59642695416598,-0.275743578926871,0.122059105718069
-4.12908148443846,-0.148634464277809,0.121804474198103
-4.68962419000218,-0.119822765917844,0.121706452361958
-4.11918570970275,-0.232123645048945,0.121548433420818
-4.6172931690331,-0.206940885946272,0.121493249359886
-4.27736675093121,0.219423645834895,0.120948849807206
-4.55047126322683,-0.10973019376569,0.120800751109314
-4.63014010467459,-0.185324484940757,0.120657299844802
-4.63859115806485,-0.0559851016967833,0.119689864970629
-4.60099118833227,-0.239398052936696,0.119621384502928
-4.36954448971179,-0.0624744953319898,0.119472414296783
2.47040691235232,-0.0586266549939144,0.11930548868737
-4.23102561391752,-0.135022837993529,0.119221892450753
-4.60070609643705,-0.0740801272721287,0.118750346930451
-4.48407594203698,0.112620027910532,0.118624483240611
-4.6471396406457,-0.117451533354597,0.11806104124108
-4.63700187444421,-0.189168809621501,0.117957546825688
-4.59863115987724,-0.0908068230347063,0.117297163307669
-4.59818959436474,-0.143237985622211,0.117014811723919
-4.26622129702972,-0.232307703350319,0.116677684605512
-4.56176391475169,-0.174691367870171,0.115555390646337
-4.54504759199845,-0.1933388526487,0.113796247120378
-4.15911761621578,-0.194163108575813,0.113488299778639
-4.17070813906758,-0.226836579974302,0.113389666914557
-4.60683931719505,-0.120844171534088,0.113206799053856
-4.58854795383447,-0.13703605003389,0.111862009188444
-4.40089760363813,0.217109540717948,0.110647023828782
-4.39445218143958,-0.330901548848058,0.108936889995836
-4.46964073493045,-0.15838005543049,0.108615222222479
-4.34164180911598,-0.168805679971891,0.107857849122694
-4.44982189066154,-0.193064445203311,0.106851631366387
-4.48043410285199,-0.0847404838653389,0.106050322168472
-4.47258849205887,-0.107807206561167,0.105570671564422
-4.51188761018128,-0.175758548489226,0.105569515517322
-4.43797314623599,-0.233971531379509,0.105539404404661
-4.24470404694203,-0.19009276747453,0.105070321799757
-4.48130810464752,-0.186864165951217,0.10458230720527
-4.48992058853039,-0.180952158736505,0.104121760107496
-4.4430015870378,-0.219278631979418,0.103160423428969
-4.33551548658902,-0.227460742638297,0.103076157687551
-4.45878793085552,-0.203212401567086,0.103010851203258
-4.465332997997,-0.191915047316445,0.102442341544355
-4.34093130449366,-0.230958078456418,0.10206731512774
