1.06943812102367
0.971806469089828
0.919891746423459
1.4857056529072
1.03753826886657
0.595839123748407
0.917422856671767
0.620666403695806
0.214459262538621
1.45211206597719
1.06383644167755
1.26810461911752
0.784566418921316
1.00749992738328
0.984323060761243
1.2393392496245
0.197292164321243
0.852753061373527
0.178463022586871
0.225676980926501
0.0969588159829171
0.0939410830826876
0.12974126158288
0.0676418628604822
0.062916120397369
0.0709038308049453
0.0538410851101268
0.0512040169551772
0.0610912211048431
0.0682728838716918
0.0609580661389088
0.0623605049264809
0.0539578052019716
0.0622484786080956
0.0790923855671616
0.0574811826070626
0.0723845018082675
0.051292842934928
0.0516844132189013
0.0547746394191452
0.0958415677467653
0.0539755339861973
0.0966870300520767
1.05843157006834
0.0698056920262577
1.13695582697571
0.0649567967729328
1.29709140279337
0.182885076779217
0.0751943474439709
0.322544382265447
1.23612897912065
1.02661639547558
0.0516040017005116
0.0768232179631186
0.0667032828262889
0.0547318749498331
0.0797943355714
0.0502009399901073
0.0576545731529373
0.066466761351801
0.0698892025862177
0.0946244831725425
0.0666597774385637
0.0663241039558742
0.0554198265750494
0.0498599776002164
0.0505509694154651
0.0558743639538064
0.104928105720608
0.0836041096089404
0.0692495076705655
0.0543383081121221
0.0468089105924004
0.0575180737930794
0.0678787767604864
0.0643480519857687
0.0650444894235129
0.0518217854882801
0.0521422782695521
