0.800886950695744
0.575824003098556
0.276852660868542
0.264315725356297
0.815080515826804
0.629072660566061
0.934839709936772
0.808421540921865
0.806929639520052
0.864706914916521
0.920433269203788
0.798389361339857
0.538950780313701
0.492461997388889
0.874175937362195
0.365719263151803
0.776593873266399
0.967222920420299
1.0206710804692
0.776373603429399
1.16354156382929
1.12539254206317
1.01004680975731
0.859925059210834
0.885970791660086
0.748205822107528
0.822082759617297
0.796111698045278
0.82207839094684
0.874985341607398
1.12705877238875
0.902804738917133
1.21129638850216
0.239829015193209
1.85668099916703
0.246290672663687
1.09460504151244
1.28790301928895
0.927099498518116
0.236769152272054
0.81249848034186
1.11425042194842
1.53174576582185
0.168438322431925
1.44366516527711
0.937847566703391
0.544978120914781
1.4574833106464
0.822033591168851
1.0205334499198
0.925940193609197
0.244279255384399
0.941723785973501
1.09956944808657
0.509645485766672
0.928792597563769
1.04344293206911
0.992792758257457
0.375252285457177
0.0860017339435681
0.221375397214794
1.0759542227546
0.846866240379979
1.2440492113247
0.936779502163787
0.67113575635536
0.969956978330731
0.938162461095565
0.848530914606994
0.674879912926437
0.799101763597615
1.66873724191972
0.903306117074737
0.550201327978339
0.380149395097719
0.595215407656425
0.916789297248923
0.964054904493843
1.41479728157711
0.878201056912191
1.18747615724735
0.872900104103072
0.580585494563925
0.654309694956846
0.436378460123096
0.821447009846775
0.36815183147092
1.11712426548018
1.15660384414795
0.647901066714362
-0.0191631541407876
0.887211346727762
0.928147821998167
0.338284057074482
0.640277533734865
1.67906145410638
0.718806012632946
0.0884263015731908
0.614090618234303
0.328688512288751
0.411638133231935
0.938920461129575
1.29539815064429
0.952767925558891
1.21034477523887
0.585250950103498
1.09345804745718
0.982767500662844
1.01038815081013
0.942809687243551
1.32328597222366
0.642633352252502
1.04838217292589
0.889486273365785
0.159474953277315
0.774469376458194
0.558556922525776
0.20118213229822
0.970820160322924
1.36891956490146
1.22012578644248
0.832727773354712
1.08704623605799
0.466508828998653
0.953852719290613
1.5751973319418
1.62296891321145
0.641759928161314
1.13313565264569
0.648612173481301
1.06296201967726
1.25131131410218
0.504730288638675
1.04219169106764
0.62207742967197
0.900489394215296
0.646171934727259
0.834755180968229
1.1153194415187
-0.00645245030284514
1.87484046809819
1.38474731913607
0.952840526442913
0.76760295969408
1.74668103402491
0.520319131490489
1.2153051817853
1.35363578288297
0.763407591994911
0.611275330625139
1.14356508095786
1.48109616405328
0.759459057901966
1.3235554152557
0.836898532921955
0.643266073796749
0.815860667165666
1.56351322224463
0.611319841721525
0.95813298423859
0.899622957109895
1.08749954229847
1.10426795835981
0.727338996140361
1.37691584176528
0.75625865844563
1.57120888525865
1.0744726134822
0.99262712479149
0.58702098156616
1.30270823306383
0.701793192426965
0.858479699033389
0.987987300420172
0.772415691980009
1.0832270412749
0.818100674352783
0.773526289747179
0.779708262261352
0.233754504619584
0.971424631832622
1.01926766650457
1.05851605473823
0.277705362707502
0.561977417139067
0.753206041405156
0.982790346634548
1.12788720082555
0.961949473826953
0.897106773837643
0.389445141829671
1.07379431675025
1.04523767015684
1.3104131297122
1.01574151086163
1.04935428047818
1.80895431076119
0.661526149215688
0.963452460223048
1.28347076776105
0.472689864170075
1.18125077671694
0.758420722240295
1.34985374247072
0.848724958779475
0.948678443790455
0.962196582515281
0.117823915007681
0.882123576195221
0.536821988708361
1.17640751394615
1.46782422002829
0.998570070908946
0.578385540553093
0.00204761302214446
0.444707867573539
1.28515745221263
0.698761275816784
1.10734569358288
1.24566498318227
0.999252065761941
0.768892168138357
0.669115524548738
1.18160677036635
1.6139692216124
0.657159205484346
1.32530049304765
1.19787800192996
1.20404620597711
0.829128744993008
0.67245151760395
1.13629395147655
0.776358575354847
0.667810204542745
0.924388210329841
0.856247067585448
0.854135850417791
1.06537862029436
1.13438259913436
0.00427109975350903
0.0724601194358499
1.38676888367111
0.275182060522483
0.976643241659125
1.0044709458845
1.53490221675501
1.32448661196265
0.911834318083564
0.993673407449834
1.28830163244079
1.40452589730662
1.27736183485838
1.26124717452929
0.883395465290969
0.938385104199271
1.25812514376945
1.22959946895055
1.3820656956064
0.948351292117013
0.826808951798998
1.22646724712873
0.88971157591807
1.26264017689146
0.489818876726614
1.8370172001942
1.04294553652498
0.92079419954403
1.4963500957749
0.63458856887599
1.6677410823657
1.17693848410887
0.132166368389138
0.597071196394451
0.651742658894755
1.22141580804854
0.696050493294026
0.230522623835262
1.9303211576409
1.05908727374434
0.899115593220217
0.804549908636384
1.05367572262282
1.62456957956289
1.16106556884343
0.675786834075345
1.20642159760334
0.918687614563509
0.441465760197168
0.969826943781064
1.10343132257557
1.31946415359597
0.828314927518956
0.652174946639187
1.06390872961019
1.22483455352444
0.572349172268209
0.888952135865446
0.9230020581619
0.437506679469528
1.22323712156435
1.50435649037721
1.10693736128475
0.270552471707785
1.41419375139819
1.37789155360826
0.637840814956305
1.60230848423764
1.30049780251896
1.33421548082491
0.952013435486343
0.684980138132011
1.58013270349148
0.995141918232076
0.897477066111889
1.34850877503581
1.057486186434
0.477150442603864
1.02119415135544
0.893274297485479
1.20037757974884
1.12116718009832
0.82818958200698
0.499234616727369
1.89477607704342
0.937120673430106
1.05681321986209
1.38360035442033
1.05943952223566
0.478677193086306
1.81723147743281
1.52962201084256
0.777472906994427
0.229598113814244
0.820075243994289
1.49521779422497
0.964820995722098
1.17088861986743
1.25666904090064
0.995598562107273
0.926086835257837
1.5520029043672
1.20705700260972
0.969959033612074
1.21635368034186
1.21105516535967
1.91943042917251
1.07067869900746
1.69728879673413
1.14793086867941
1.50353008718243
1.41038505501507
0.83157495484105
0.916124940442385
1.02626631874745
1.54266546565535
0.302863916594415
1.13706388931032
1.14893930251946
1.17082569674742
1.14529081018255
0.648298933441382
0.999874302936529
0.372052700449363
1.13393152893961
0.711631308372514
1.18812278986307
0.480336331868393
1.14051695522728
0.595297989604762
1.80722914031182
0.675056827754655
0.966009173172318
0.331864718482776
1.04448547751244
1.04902483452676
0.335061276290778
1.89746062825639
0.90952845772016
1.48127268264934
0.981868860462362
1.03762955886563
0.663584480996661
0.871731599524231
1.66331634520408
0.636369242570676
1.11334271414731
1.20767222053146
1.09731599715915
0.223744079792734
1.08317051092726
0.791511107639452
1.31502533589085
1.0095600109105
0.533024680649988
0.592185982290768
0.7072930145812
0.482301090223989
0.974070368062484
0.835250299806956
0.745181834968055
