1.24409057470675
0.340725869034239
0.800886950695744
1.50049578171663
0.992148822332342
1.21162601718374
1.38334381624521
0.768966058803297
0.575824003098556
0.893814795254586
1.10968040119819
0.921350414485393
0.655755404240802
1.04568955942118
0.927921864106331
1.13135234058742
0.749959990445182
1.32611227688311
1.07072855599186
1.72843782163954
0.276852660868542
0.564233555497396
1.29099135291384
0.264315725356297
0.871171859509252
1.33568764586298
1.00552438324998
1.30006443716147
1.61911677394527
0.922915811272751
1.78169519767192
1.87681752164952
0.960033774318993
0.815080515826804
1.09728324790433
1.25997359773845
0.583942440540341
1.0725835976497
1.24705540755969
0.629072660566061
1.66727990203663
0.923861610428224
0.934839709936772
1.1217510411468
1.28488397843381
1.07676331286483
0.839482886154357
1.55868451677148
1.27901009739815
0.527284125874611
0.750020924773606
0.977697891580077
1.10988662864387
1.07385774720172
0.902342321945218
1.08895248273025
1.25713327924564
0.749514211519141
1.18746458289631
1.07943377853432
1.13225208676328
1.19201218737006
1.36329611363662
1.00584362478713
0.509596661107186
0.354781071595355
0.585919239427966
0.801581657636392
0.925442365902773
1.62507940570295
0.651195305810384
1.29708583119255
1.37482899418286
1.22728817298011
1.10070405352727
0.642604128090689
0.982702601425641
1.4971063066113
2.02930464204332
1.06793643145972
1.10672849468669
1.20623777879605
1.02953916840708
0.769726719255433
1.92039728851241
1.22694416463484
0.942193485900021
0.0158238520431208
0.510336316106269
0.490673806646922
0.214454654418847
0.0553622999027502
0.384789189374828
0.429742089373323
0.319547166867648
0.258120499451072
1.81145334336098
0.939482991442298
1.58718764774973
0.761923178906066
0.72013433158587
0.758666676302122
1.1624596634904
0.973415840228366
0.995634167408661
0.949233186336167
1.05669024633274
0.929723156611875
0.805054447854334
0.486688585153593
1.09792560179173
1.17424847166225
0.814406261275311
0.198979584444575
0.368737420962868
0.24955111322973
0.259645676984114
0.113349952917233
0.483744503123214
0.622303900113362
0.524702117851877
0.84329230370419
0.57380705956646
0.741002511390213
0.469219521433114
0.241069340791738
0.416597313167888
0.323753179445839
0.904203996616921
0.806359784840383
0.572656689517632
0.53524014448394
0.991588209952502
0.897412819181287
0.789330435682731
0.938541892436761
0.587318553951027
0.055561416630395
0.415739925721962
0.588984305248125
0.291952387177765
0.904131886551753
0.966957278668674
0.736352791371979
0.428402157955303
0.748674726849135
0.803447919879896
0.642186286499592
0.664603028071291
0.749983479239638
0.50406488835371
1.01600252024107
0.939359022023108
0.924399043316231
0.935376157344605
1.25699135842548
0.995640670187539
1.22433923538954
0.859819390977012
1.13934359144304
1.27089169985173
1.10543803252929
0.905105322215488
0.302568374988672
0.776514996581269
0.806782612498869
0.801466488886
0.834881395730096
0.550370756058618
0.640418564085626
0.565829060229729
0.517357349567883
1.08953225712055
1.12243578649018
1.94197422631948
1.10117317266051
1.44208378258618
1.06649964509066
1.3173795793013
1.032892837288
1.06293110222204
1.12626823503001
1.2418233377049
0.867968122581104
0.837104464620235
1.08400820645745
0.975562221022671
1.02738177633392
0.934036919301311
0.721978797599888
0.354937746527218
0.718156796283886
1.7840982415607
0.229050065171926
0.407691764542292
0.464928623470631
0.636655753251467
0.487831591582017
0.482007009026139
1.47231110758117
1.95325316396036
1.84196479268142
1.86259772231892
0.126108016479218
1.29106208163774
1.01438767489223
1.00953377262542
0.940243456254764
0.86885245155795
0.929251347264971
0.459809707968555
0.404060300025609
0.516547801069472
0.655120565252685
0.414608374422078
0.748658931492296
0.361500002383688
1.65383263004025
1.37634603540999
1.42951815130234
0.954268765099388
1.31095968980583
0.966015062876616
1.17863603450735
1.05563612684197
1.11462734382678
0.244053422425754
0.745892229827455
0.533120388694921
0.427265271419364
0.409757355682431
0.68470801948935
0.453243368581521
0.884702542744764
1.3234723578851
1.19268589919438
0.959665413627439
1.03519689734178
0.837614612666179
1.11719907921506
0.998231459667178
1.12571361796607
1.380049000182
1.36105903190637
1.31658780205783
0.572635412856141
0.413120750063621
1.72674606033378
0.405280214411647
0.572548563572288
0.373764209137477
0.430382431111118
0.644629718084368
0.361000198938268
0.68860912566544
0.419915235104653
0.30920182027036
0.269450742548908
0.236912042457037
1.09755272553187
0.777759615094581
0.818637570088928
0.811339474187349
1.10848405657281
0.846142401241967
0.840373264199508
0.995083419412271
0.870125238066518
1.08078384277797
0.399505901371375
0.123746146485023
0.194438002273925
1.05153342131084
0.829065859553981
1.29646664126428
0.528790877480272
0.544299058317886
0.355037696704441
0.273703944546309
0.755980543476509
0.598295890562007
0.750984395678981
0.665079717002095
0.658179718597823
0.510393243244037
0.621567895430437
0.310141011860293
0.95395258360198
0.56755577945214
0.594823307222955
0.693627141077072
0.554001025102762
0.337742921978655
0.244448939203113
0.118568045956913
0.844327875424146
0.401623269881895
0.39803406376121
0.281477638066202
1.01793029318831
0.245040368254733
0.278394366733759
0.161576745674576
0.444631630042307
0.48364845355715
0.29354132707321
0.600357915671103
0.283342540121366
1.27812017093677
0.074543606505644
0.184539766934854
0.0928721792753452
0.10953393384741
0.308706529376487
0.113617226755707
0.12839088983494
0.360066330945472
0.199787427108915
0.882293629824923
0.679951067834681
0.4657221794028
0.174362536327893
0.187311829611485
0.104731802996295
0.614387901746831
0.100315823373969
0.295396476345693
0.152848788188993
0.223639157677734
0.527286475579561
0.221716537032593
0.0853724924472632
1.52759987826584
0.790505101361471
0.207989512928047
0.184151112421508
0.22871393077663
0.290863475241815
0.595072412656213
0.587962862565673
1.06973840916514
0.0987511842239885
0.886760804288081
0.228325412966525
0.255603978637586
0.741553885635856
0.425448132252067
0.44692393296692
0.155883315824218
0.220212718087978
0.204393692486739
0.222304503490178
0.156235896362412
0.145986219268182
0.127170710137481
1.17955730836033
0.301470069177841
0.464328513115757
0.132182017554966
0.125639861203618
0.122771187519165
0.00130635157681624
-0.0264788410231694
0.250042956120441
0.264474769058627
1.12920866106087
0.0470576485063655
0.0932297117021461
0.817044395576027
0.14815226906512
0.193433308805608
0.116092946428225
0.266520842371565
1.25178231533854
0.263859980215722
0.290139328217138
0.267822337826038
0.161378922098052
0.158747776746555
0.787155097520408
0.198256805174341
1.00633686760222
0.0165990643172191
-0.0191094251692852
0.0167671162396679
-0.025558521516063
0.62428183935799
0.32037348582631
0.188307934869114
0.21052094251446
0.210917454335136
1.44821805156084
0.563289775836062
0.136345936738135
0.153983776697761
0.180264324530635
0.134237024900973
0.167936589062342
0.129188098188941
0.141493486657496
