1.06943812102367
0.971806469089828
0.919891746423459
1.4857056529072
1.03753826886657
0.595839123748407
0.917422856671767
0.620666403695806
0.214459262538621
1.45211206597719
1.06383644167755
1.26810461911752
0.784566418921316
1.00749992738328
0.984323060761243
1.2393392496245
0.197292164321243
0.852753061373527
0.178463022586871
0.0663039094775121
0.122888713260445
0.0945982437904597
0.14111416070122
0.0618261638660764
0.0775868061870307
0.0696147070555609
0.0672975973362423
0.0843672023441819
0.0675755691522136
0.071366348753592
0.0460395554610384
0.0882903449168874
0.0755172768953962
0.0516533149109467
0.0866628169806835
0.0522447778777552
0.0490600503253291
0.0629504096998069
0.0681430779772382
0.0815726722141016
0.0497640374591628
0.0451018169746458
0.0593989383955796
0.078091391017492
0.0547889474295739
0.0452308626752868
0.0780058812235137
0.0652014871540197
0.102217874440331
0.0874794782513214
0.0625185358976947
0.0451193833642354
0.045382521711634
0.0449155941926043
0.0822595198987489
0.086748455167015
0.0544369553196072
0.0510558193479855
0.0437436870659391
0.0778880305211632
0.0648244625669757
0.0490998770027378
0.0550435974794736
0.0441186482871135
0.0437327136560048
0.048908577311922
0.0471891317978775
0.0559177545980586
0.0446945529953008
0.0548019296279618
0.0861974561522508
0.0468285760210642
0.064256669561139
0.0506493020888448
0.0619217139122834
0.0930071549918468
0.0451620988678799
0.0686502956716005
0.0460293761394395
0.0594701587592932
