1.15013546968285,-4.73095663504875
-2.33856320690471,-2.31530107093809
4.03612601240849,-2.42231423284242
7.4553582307624,-0.578712470832566
2.26040427997815,3.35400285634474
-1.65533327413702,2.90006354218337
3.22930268505886,-3.86802410111685
2.95621572318976,-4.28910169147084
-2.07657266803699,1.75828895616725
0.778011140600915,3.88962540357715
-1.07347358216001,-5.16175797798383
-2.05642934744443,-1.37871569561342
1.65862326437912,-0.10559228721908
7.61250319911149,0.592786296327746
-3.04504522912956,-0.109043930861894
3.98780608021169,-4.69779382833125
5.31450320688575,1.90682634378045
-3.18219964188223,2.00367186284484
-0.0246094844551639,-3.05204884442836
7.77606697992268,-1.10584564975624
-1.85386986076114,-3.0415732874067
2.5373482154859,-1.14686648129061
1.36426731089031,3.11701784578261
1.69341376475069,4.67139659856647
5.05894545758271,1.88601315693171
-2.54647830966349,2.23451434182047
6.5090783921747,3.05981260761419
0.252875797837094,-0.946328605776674
1.23887824280127,-5.14715906649807
1.25577384801321,-0.877754175285735
0.633741098557766,-6.48070893848833
2.4533828908905,-2.42843807893266
2.7681908425405,3.32597968823552
-5.26784036644086,0.412417820155982
8.38497754929226,-2.46232144876911
-0.196358173029769,0.0702425204607607
3.66435904903212,4.38498246873027
-1.99419077886393,-0.47919639603836
3.27009956545325,-2.74365441319473
3.9409902020644,2.51634393784813
-2.70859796635611,-4.00782465049733
-1.52525762082173,-5.7004502721803
7.64860741280075,3.52901522608013
-2.48649130368663,4.22883018778211
4.24793137855693,-1.73671349891297
-4.76431780508009,4.67785749206338
4.53382992382599,4.64583675244168
1.43684209137975,-2.21675237532058
6.27804500186367,-0.458564516597063
0.807810855991373,6.502488645576
-4.37836903042204,0.308100597716603
4.58330320845755,-4.04836039103026
1.91483741031077,-7.48858791747453
-1.90921012622633,4.76565102148835
0.0620105279907538,-5.22260981575866
-0.830210417029636,-5.06589862553137
7.17680989558046,4.08749331928288
1.12270643192101,3.12284457765598
5.75017575840643,-3.97957965754522
-3.1297826578005,4.3700971709157
-2.87193116313243,4.09292848736213
6.55405406730411,-4.39195578566923
1.98901050961056,5.13310338440057
7.00902947374559,4.60769460930992
-4.09363309338899,1.23444168768176
-0.685374834518695,-2.69476120267147
1.43514586127035,-1.47870802481266
-0.341584132137322,4.00374031587779
-3.85193301347164,-2.0812318761472
5.84061464543886,1.78291392957275
2.28709367616205,1.61657345269064
0.481162331751575,5.85462267026335
-1.01054995576271,5.25405569119483
-3.20013135608125,3.60647239402383
-3.57506571283357,-4.12727599966427
-2.07412035375316,5.56460599699997
5.6030011922762,-5.24133026929167
-0.154514526959689,1.31760548875769
-0.93063375439643,3.08305539223462
6.39802513001065,-1.27223336917975
-0.662019643065111,7.2803554815075
1.16101033797742,2.1808847118395
4.38394964562357,3.55678012728306
-2.2703603805918,4.33793917968469
2.78512223693851,2.22892301289283
4.5048927035654,3.25432471233936
4.21095261846902,3.79532293707785
7.04099400499706,-1.62646640011092
2.53093426942019,-2.19556652045628
0.389009252962175,2.44592451604363
0.142767749458581,-0.128210690080111
-1.12408261782028,-1.20310915587257
1.93929983746847,-2.15155559257141
-1.95458824083981,4.5098699152818
-0.851259597826645,5.20659783021558
5.4997292207769,1.09705979328036
3.64821435526001,-0.662481101063787
5.68311566956598,3.51812371073934
-0.820197028775393,0.117276944922761
2.0117475630226,-2.51692234840533
5.45753655943398,3.95801281394763
0.23621165615407,5.65022024277217
0.18698849342862,5.20898444905454
-0.447993106480828,-4.19742939437695
5.31742204070737,5.29749331468862
4.22726003578627,-5.37916298476119
-1.67737343270042,-5.8161093733759
3.51279770685667,1.37793131634922
4.32091776648838,5.30169464244432
0.372047322405306,-6.96121973471818
3.71265453072569,2.8715065114514
0.797001806260009,0.447989467840679
7.38486826824146,-4.75880109941235
0.355223317079223,-0.398696757711414
-2.94682284390242,-4.43070295855417
0.592797769115338,-2.09234628948178
2.00274382932105,4.57501040409811
4.35653070763068,4.39849473512655
3.52558643157008,1.87972837907806
2.52179463232036,5.4751913297204
-4.90340170999207,-3.91317160278939
3.12773738069235,3.87509251484896
3.29616273145031,7.186054189235
-1.40130921398978,-3.10598718872004
0.426926855820987,-5.22319977810644
3.0502315811242,0.129641992408056
0.413500201103003,7.87129395296468
-3.37374601285372,-2.48882091827321
0.968845433622091,-1.53431746838386
6.48592728376552,3.60736022851447
2.06567478083698,1.53863141505391
-3.88353068048408,-3.23223502751996
-3.44789224092901,2.77223518020656
-3.69876937888503,-0.576434649254909
0.135405895590484,3.8843992996443
-2.10851931665259,-1.83153459164551
0.233445164806584,-1.09825014298268
5.8665618005241,-4.72565410442301
-3.20313276720863,-4.94516202077815
3.76236445450132,-3.9531230145109
-6.34157176103358,-2.31420761315121
3.2934054288348,-3.09192191445825
-3.0959659823014,1.37094996234755
2.5378581001852,-5.45571241645768
-0.46390033132501,-5.40767315831153
-2.13447921615399,2.25743070960707
0.703470396933639,5.08905501612288
-1.06024781667151,-0.0686728144586728
6.7825678454503,1.31461274705379
-1.79049245137779,-0.411075040730039
-0.718533672988928,4.92888277828418
-2.32528275245552,-2.16342844288039
-0.0947383345997656,5.98354309293068
5.63365098840141,0.380601678413925
3.83478986188081,0.519590144243758
5.58637784044486,-2.11607655451394
-1.45142713496622,-3.42434523964142
5.03052921978206,-0.662892266183795
-3.11216036639549,-3.48847345641152
0.259256291049624,-5.08028111573281
5.13042595020501,-4.04920772438435
3.61321114241929,-5.20719673808486
3.24794336083241,3.08001884046095
4.06268902135206,-3.26278263677199
-6.12193722260265,1.94706154694381
1.62560399745143,-5.70153719826925
2.75412720754883,6.59055107277318
-0.348561504690742,-5.91665913824338
3.1310927220407,-3.32143686455963
-1.47861587934759,-4.99856757585092
3.55415072106088,-0.115376186480333
-4.07023434009681,-4.11963410074757
-4.52861535190224,-4.68102506490134
6.19542687469703,-0.698408211100618
-3.20626483291656,-1.86250819537331
6.39543306736003,3.65958505154792
-0.163778094845062,5.24272596315713
-3.14349838138839,-1.72159809690243
-0.920712110734684,-2.42657208004708
5.45356988165284,-3.5019094376421
2.18033561218204,-2.69784014048916
-0.321902666693045,-4.18261759787379
-1.01771534773368,3.75201357785288
3.45673342067211,4.93980538251759
-2.57269213860224,-5.40388239131787
1.90989061915929,-3.477342904051
4.64670136093625,-1.7973436654823
0.871801553763055,1.15076060976324
3.33060424395208,-5.58508816203196
-3.25239349650454,3.2126375183481
-1.28457119012958,5.04378165820271
3.57976010708919,-1.57654887022819
-3.42170111203376,2.17830888862677
5.96425846678741,-3.40202670931714
-4.46639849971542,-4.89280271312868
3.20586217167982,-6.1416510743651
5.05614630869077,-0.848086203879161
5.14297049150577,2.40646724232104
-0.300636918988951,-4.80486315234609
-4.30533100360445,1.50326021129608
2.04803370173386,-1.50502806760254
5.03390629655057,1.0750856034108
-2.62455142794945,4.29857159696154
-4.95802850959107,-3.13147367320335
-1.33024577900522,2.202324540489
2.59088973409175,-4.38992984416284
-0.725564453788513,4.83433280380886
3.74548798326178,-0.973528843714114
2.43565248804342,4.44728219457254
5.15131237271677,2.29350163011575
-3.37318333862648,-0.414115766595573
-5.10661941345981,3.11599030387066
-1.71457306749108,5.13410138463571
3.17900217060067,-0.378320301269919
1.04067533467453,-0.484976691324622
3.48852167286322,-5.31548553245168
2.09689221865838,4.11474281587797
3.38909567164476,3.21065040903244
-4.71566802019882,-1.93548106752104
4.82102523800558,5.87523228077286
0.380081043927839,-3.76208390130833
7.29380816732645,0.137009277178409
2.6196830686789,-1.0867539236297
-4.15565576958463,2.36921349978287
-0.542245840236456,5.23541589535818
1.21579180280838,1.04658986647714
-4.94870008532373,3.32726458696799
7.54562248095287,1.73582190585049
-0.964573265530253,-1.55870341590639
-3.86258755266427,2.07539978769359
3.53168388555248,2.07240792532049
1.09230279425564,-3.76755420619898
-1.21224564693122,0.70159557843631
-4.22870685968771,4.12115477551481
4.37821313016244,4.86695959727423
2.28167512860135,-4.94706505217595
-0.759677672884986,2.16182383783595
-0.111939883790896,5.62520307579592
3.25279260200588,-4.35525329973146
-1.72998248608217,-4.34770980057123
-2.0477746849272,-3.61473558586111
-0.464551357093061,2.22472377965378
4.8732568005844,-0.178947440298786
5.76651840973471,3.80587828613549
-0.253047870585196,-2.04810618287002
3.74120170156347,-0.157527958668439
4.96433972992523,-1.72009167501774
-2.64311534123483,3.5376695320895
-0.19540774559804,-5.73257159771792
-1.35585034269442,1.32224969834966
-1.15668315577987,2.87747348667773
6.54341303195725,-2.71446917774484
-0.077071668956479,-2.14044666593765
0.98557997686391,5.43872121976799
2.15623737085121,0.183962766044443
2.42217520824964,7.234790492322
5.04284522978616,-0.905033641494967
2.55327010378361,4.74368441522691
0.598039547320892,-3.6345935491769
-1.39964977681353,-3.27516097546023
-3.11309962203827,-5.35904661951891
-3.52631921812265,1.36934369748279
0.256334199670311,4.47397037283979
-1.17746492420541,-5.68500873627918
-5.56657873719235,2.85203716606962
4.17993663473834,-0.786312682016902
-4.35563492619491,-1.81467107666672
7.43115532101062,-3.68843969336193
-0.0820678850008744,0.435155751311771
0.562724201184655,3.32170452456475
-4.49474780558174,4.69095472723288
1.6496937618342,0.267953896963405
-1.73333843603064,5.56337119314364
3.48346037997561,-3.70509425360604
2.25897699234038,-3.08593222952297
-2.47343467965367,-4.148835499606
6.75073641450003,0.0552985915009933
1.37387431516928,-6.63494302470702
-0.858572245686599,6.64506357123332
1.93890096369771,-2.24372447305542
6.66851576970731,-3.97090967761316
-4.71598585416351,-4.09612591758536
-3.33578521353105,-0.861154907696791
5.26648261047856,0.29004986147259
-0.774007783237642,2.2566127433133
3.83219162491086,1.19228246092807
-0.924225385587066,4.19464265024005
-3.31866459202119,-3.5687268522695
-4.09108900193776,3.56845833249455
3.63919613921392,-0.458064868132827
-0.275541115076092,-1.43013205579534
-0.0457804474862851,0.83299965095305
3.18116155544785,4.2586686148705
6.1032582427151,3.21095465963895
-5.44625225322223,4.38619869564501
-2.71753646047077,4.55736809397687
3.95636155486659,-4.36161637083574
3.06860415006473,2.56796370456472
-2.40705537599839,-5.11372855372113
-5.23833662807407,2.20538248297779
-0.565602355537651,-2.23371500313169
-2.81452138996322,4.81709878882118
4.81416002024538,-3.38457474696055
-0.783256302478762,6.28197998186661
1.58700681633522,-4.17029040243806
7.00051617176293,-0.614096575700799
-2.41669089337751,0.166033560043932
1.10526202419013,-6.34902116132179
0.165273175351655,1.70372394528968
4.85189693434842,-2.2454105428302
3.24530397985519,2.11206416479653
2.44995305493506,3.85003999792202
0.766051406835849,4.7218821768725
-3.92845818061303,4.67301547858532
0.210039985927661,-6.19295684291431
2.31913347355853,-2.49722007251917
2.78698207751094,-3.91215708943136
1.68647951351439,0.127200321802289
-1.19936900822012,1.81017816781293
1.83181257815615,-5.36358573588184
0.303345809401295,-0.983077118807399
4.50109028011734,4.08328797989025
4.2005513915171,-2.75098947620605
-5.71407861439974,2.92594930767771
-2.19943112014771,2.36538174032365
1.05526586586951,6.90337411968684
-2.33796156253016,-0.239098187257517
0.405580537645006,5.16161193096913
-2.91741987383496,3.06663959770841
5.45685937675895,0.135509141672962
2.06668481463053,-5.9530417127632
2.81957077442474,3.28816499936656
-4.60623030051483,0.0362279230802555
5.60073181550078,-2.21809660340537
-1.1308137649637,-3.6555576599943
5.56361457790022,0.625490624038696
4.23694423329895,1.38141773239866
-0.835152181987281,-0.146495589222751
6.6810389192302,-1.53293228226263
-4.24327484247294,-3.27348440465043
7.15706017897972,2.53314179243041
2.08375747128587,-4.00261878353824
-0.239692661851533,2.47451228489501
-0.574194485755746,-6.3616425159739
5.36062131009708,4.95301090587473
4.488437759601,0.523103330775017
4.98744371357076,-1.30005435399044
-5.5092691854863,-2.47345205259038
4.38234056128035,2.86250101479398
8.46705224637343,-4.37159549229641
-1.51846792106984,0.105649579613406
-2.33919274427099,-3.45471603600079
1.01338422981321,-0.0825052368655717
6.0015407963816,4.87808674423789
-0.498061411237448,3.97766282842176
5.29675010220689,4.56977284250421
0.490979811216718,-1.58965320273989
4.56146388999472,2.4844582203535
1.99140021318138,6.64523478616051
1.53273830671649,-4.30103914789612
-4.2055788799296,3.50398523375746
1.95753490818687,3.80443986756293
-0.551723263894688,-4.64321233831941
2.22769526365281,5.53998316087331
3.0226440967117,0.957771342237391
-0.487336430304906,-3.205214375333
5.56818772973864,-2.35999020918214
-3.99300671892253,-1.78061499079302
3.87042801377501,3.097801959048
5.62938796984905,-0.899105471929769
1.50794549187005,-2.88686296476231
0.764227095242152,-5.79303832845762
-1.32157630242286,5.024389741898
1.46342399003103,-3.62933191418721
4.21283979929761,2.52368828080475
3.89174243531272,0.783150743003514
-0.549971961380309,3.23577942072047
-2.01401572572018,0.0501579546841537
-0.909459234760925,-6.68363853828079
3.270294652588,-1.72499704452753
6.03372095966228,1.15837790143087
3.14059319723618,0.0121220411371777
-1.89722449514893,3.55781091515275
1.46880229727793,2.258585777235
4.95805889041629,-4.51360251527881
4.1627884963024,5.97269653534222
-3.13557798193038,-0.795172554201003
0.570113421344857,-5.22965041336113
-2.63255637987647,-3.41361251866743
6.6947453868172,4.11813064015977
-0.0521614571679309,-5.28661158850228
4.42799161403494,0.186793163928755
-1.49528703938989,1.42158692042351
-3.68394905647334,-2.99808987718755
5.76898442668128,-2.92242241701712
2.60339754687035,0.329954844152874
-2.7562377315056,3.02546670727406
1.67055436158413,-1.61441660931301
0.595515344069516,-7.12861552650682
3.17785902682924,4.66699869881534
