DATE;TIME;PROB_NAME;TRIAL_NO;BEST;ELAPSED;NO_TRIALS;MLFE;LF_COST;HF_COST;K;n_0;PROP_HF
29-Sep-2021;19:40:24;LV_f10_MF;1;17.936080;0.10;30;2000;1;5;10;3;0.250000
29-Sep-2021;19:40:25;LV_f10_MF;2;14.390270;0.09;30;2000;1;5;10;3;0.250000
29-Sep-2021;19:40:25;LV_f10_MF;3;105.348744;0.08;30;2000;1;5;10;3;0.250000
29-Sep-2021;19:40:25;LV_f10_MF;4;14.215888;0.08;30;2000;1;5;10;3;0.250000
29-Sep-2021;19:40:25;LV_f10_MF;5;24.956308;0.09;30;2000;1;5;10;3;0.250000
29-Sep-2021;19:40:25;LV_f10_MF;6;11.295683;0.13;30;2000;1;5;10;3;0.250000
29-Sep-2021;19:40:25;LV_f10_MF;7;22.119034;0.08;30;2000;1;5;10;3;0.250000
29-Sep-2021;19:40:25;LV_f10_MF;8;6.389917;0.08;30;2000;1;5;10;3;0.250000
29-Sep-2021;19:40:25;LV_f10_MF;9;10.677339;0.08;30;2000;1;5;10;3;0.250000
29-Sep-2021;19:40:25;LV_f10_MF;10;10.997321;0.08;30;2000;1;5;10;3;0.250000
29-Sep-2021;19:40:25;LV_f10_MF;11;24.013433;0.08;30;2000;1;5;10;3;0.250000
29-Sep-2021;19:40:25;LV_f10_MF;12;11.356479;0.08;30;2000;1;5;10;3;0.250000
29-Sep-2021;19:40:25;LV_f10_MF;13;12.608778;0.08;30;2000;1;5;10;3;0.250000
29-Sep-2021;19:40:26;LV_f10_MF;14;6.726522;0.08;30;2000;1;5;10;3;0.250000
29-Sep-2021;19:40:26;LV_f10_MF;15;101.114222;0.08;30;2000;1;5;10;3;0.250000
29-Sep-2021;19:40:26;LV_f10_MF;16;7.850759;0.08;30;2000;1;5;10;3;0.250000
29-Sep-2021;19:40:26;LV_f10_MF;17;19.357027;0.08;30;2000;1;5;10;3;0.250000
29-Sep-2021;19:40:26;LV_f10_MF;18;100.580924;0.08;30;2000;1;5;10;3;0.250000
29-Sep-2021;19:40:26;LV_f10_MF;19;17.378484;0.08;30;2000;1;5;10;3;0.250000
29-Sep-2021;19:40:26;LV_f10_MF;20;13.521315;0.08;30;2000;1;5;10;3;0.250000
29-Sep-2021;19:40:26;LV_f10_MF;21;23.750654;0.08;30;2000;1;5;10;3;0.250000
29-Sep-2021;19:40:26;LV_f10_MF;22;24.577598;0.08;30;2000;1;5;10;3;0.250000
29-Sep-2021;19:40:26;LV_f10_MF;23;14.151350;0.08;30;2000;1;5;10;3;0.250000
29-Sep-2021;19:40:26;LV_f10_MF;24;4.907614;0.08;30;2000;1;5;10;3;0.250000
29-Sep-2021;19:40:26;LV_f10_MF;25;10.469782;0.08;30;2000;1;5;10;3;0.250000
29-Sep-2021;19:40:27;LV_f10_MF;26;23.614457;0.08;30;2000;1;5;10;3;0.250000
29-Sep-2021;19:40:27;LV_f10_MF;27;11.221947;0.08;30;2000;1;5;10;3;0.250000
29-Sep-2021;19:40:27;LV_f10_MF;28;101.176435;0.08;30;2000;1;5;10;3;0.250000
29-Sep-2021;19:40:27;LV_f10_MF;29;101.474510;0.08;30;2000;1;5;10;3;0.250000
29-Sep-2021;19:40:27;LV_f10_MF;30;20.424039;0.08;30;2000;1;5;10;3;0.250000
29-Sep-2021;19:40:27;LV_f11_MF;1;0.134753;0.08;30;2000;1;5;10;3;0.250000
29-Sep-2021;19:40:27;LV_f11_MF;2;0.312780;0.08;30;2000;1;5;10;3;0.250000
29-Sep-2021;19:40:27;LV_f11_MF;3;0.182090;0.08;30;2000;1;5;10;3;0.250000
29-Sep-2021;19:40:27;LV_f11_MF;4;0.147470;0.08;30;2000;1;5;10;3;0.250000
29-Sep-2021;19:40:27;LV_f11_MF;5;0.201979;0.08;30;2000;1;5;10;3;0.250000
29-Sep-2021;19:40:27;LV_f11_MF;6;0.040038;0.08;30;2000;1;5;10;3;0.250000
29-Sep-2021;19:40:27;LV_f11_MF;7;0.457213;0.08;30;2000;1;5;10;3;0.250000
29-Sep-2021;19:40:27;LV_f11_MF;8;0.111260;0.08;30;2000;1;5;10;3;0.250000
29-Sep-2021;19:40:28;LV_f11_MF;9;0.622058;0.08;30;2000;1;5;10;3;0.250000
29-Sep-2021;19:40:28;LV_f11_MF;10;0.202315;0.08;30;2000;1;5;10;3;0.250000
29-Sep-2021;19:40:28;LV_f11_MF;11;0.136409;0.08;30;2000;1;5;10;3;0.250000
29-Sep-2021;19:40:28;LV_f11_MF;12;0.223356;0.08;30;2000;1;5;10;3;0.250000
29-Sep-2021;19:40:28;LV_f11_MF;13;0.075358;0.08;30;2000;1;5;10;3;0.250000
29-Sep-2021;19:40:28;LV_f11_MF;14;0.054758;0.08;30;2000;1;5;10;3;0.250000
29-Sep-2021;19:40:28;LV_f11_MF;15;0.028276;0.08;30;2000;1;5;10;3;0.250000
29-Sep-2021;19:40:28;LV_f11_MF;16;0.019927;0.08;30;2000;1;5;10;3;0.250000
29-Sep-2021;19:40:28;LV_f11_MF;17;0.104160;0.08;30;2000;1;5;10;3;0.250000
29-Sep-2021;19:40:28;LV_f11_MF;18;0.113300;0.08;30;2000;1;5;10;3;0.250000
29-Sep-2021;19:40:28;LV_f11_MF;19;0.073913;0.08;30;2000;1;5;10;3;0.250000
29-Sep-2021;19:40:28;LV_f11_MF;20;0.115354;0.08;30;2000;1;5;10;3;0.250000
29-Sep-2021;19:40:29;LV_f11_MF;21;0.281179;0.08;30;2000;1;5;10;3;0.250000
29-Sep-2021;19:40:29;LV_f11_MF;22;0.389029;0.08;30;2000;1;5;10;3;0.250000
29-Sep-2021;19:40:29;LV_f11_MF;23;0.526837;0.08;30;2000;1;5;10;3;0.250000
29-Sep-2021;19:40:29;LV_f11_MF;24;0.136668;0.08;30;2000;1;5;10;3;0.250000
29-Sep-2021;19:40:29;LV_f11_MF;25;0.206488;0.08;30;2000;1;5;10;3;0.250000
29-Sep-2021;19:40:29;LV_f11_MF;26;0.106124;0.08;30;2000;1;5;10;3;0.250000
29-Sep-2021;19:40:29;LV_f11_MF;27;0.072161;0.08;30;2000;1;5;10;3;0.250000
29-Sep-2021;19:40:29;LV_f11_MF;28;0.093321;0.08;30;2000;1;5;10;3;0.250000
29-Sep-2021;19:40:29;LV_f11_MF;29;0.303991;0.08;30;2000;1;5;10;3;0.250000
29-Sep-2021;19:40:29;LV_f11_MF;30;0.655390;0.08;30;2000;1;5;10;3;0.250000
29-Sep-2021;19:40:29;LV_f12_MF;1;-1.614664;0.08;30;2000;1;5;10;3;0.250000
29-Sep-2021;19:40:29;LV_f12_MF;2;-1.229603;0.08;30;2000;1;5;10;3;0.250000
29-Sep-2021;19:40:30;LV_f12_MF;3;-2.523887;0.10;30;2000;1;5;10;3;0.250000
29-Sep-2021;19:40:30;LV_f12_MF;4;-1.549881;0.08;30;2000;1;5;10;3;0.250000
29-Sep-2021;19:40:30;LV_f12_MF;5;-1.882971;0.08;30;2000;1;5;10;3;0.250000
29-Sep-2021;19:40:30;LV_f12_MF;6;-1.199050;0.08;30;2000;1;5;10;3;0.250000
29-Sep-2021;19:40:30;LV_f12_MF;7;-1.839309;0.08;30;2000;1;5;10;3;0.250000
29-Sep-2021;19:40:30;LV_f12_MF;8;-1.106279;0.08;30;2000;1;5;10;3;0.250000
29-Sep-2021;19:40:30;LV_f12_MF;9;-2.418399;0.08;30;2000;1;5;10;3;0.250000
29-Sep-2021;19:40:30;LV_f12_MF;10;-1.498610;0.08;30;2000;1;5;10;3;0.250000
29-Sep-2021;19:40:30;LV_f12_MF;11;-1.619567;0.08;30;2000;1;5;10;3;0.250000
29-Sep-2021;19:40:30;LV_f12_MF;12;-1.437691;0.08;30;2000;1;5;10;3;0.250000
29-Sep-2021;19:40:30;LV_f12_MF;13;-2.694364;0.08;30;2000;1;5;10;3;0.250000
29-Sep-2021;19:40:30;LV_f12_MF;14;-1.324969;0.08;30;2000;1;5;10;3;0.250000
29-Sep-2021;19:40:30;LV_f12_MF;15;-1.284640;0.08;30;2000;1;5;10;3;0.250000
29-Sep-2021;19:40:31;LV_f12_MF;16;-0.575555;0.12;30;2000;1;5;10;3;0.250000
29-Sep-2021;19:40:31;LV_f12_MF;17;-1.653746;0.08;30;2000;1;5;10;3;0.250000
29-Sep-2021;19:40:31;LV_f12_MF;18;-1.503070;0.09;30;2000;1;5;10;3;0.250000
29-Sep-2021;19:40:31;LV_f12_MF;19;-1.634889;0.08;30;2000;1;5;10;3;0.250000
29-Sep-2021;19:40:31;LV_f12_MF;20;-1.400548;0.08;30;2000;1;5;10;3;0.250000
29-Sep-2021;19:40:31;LV_f12_MF;21;-2.921403;0.08;30;2000;1;5;10;3;0.250000
29-Sep-2021;19:40:31;LV_f12_MF;22;-1.977817;0.08;30;2000;1;5;10;3;0.250000
29-Sep-2021;19:40:31;LV_f12_MF;23;-3.837021;0.08;30;2000;1;5;10;3;0.250000
29-Sep-2021;19:40:31;LV_f12_MF;24;-0.552218;0.08;30;2000;1;5;10;3;0.250000
29-Sep-2021;19:40:31;LV_f12_MF;25;-1.251120;0.08;30;2000;1;5;10;3;0.250000
29-Sep-2021;19:40:31;LV_f12_MF;26;-1.196249;0.08;30;2000;1;5;10;3;0.250000
29-Sep-2021;19:40:32;LV_f12_MF;27;-2.114512;0.08;30;2000;1;5;10;3;0.250000
29-Sep-2021;19:40:32;LV_f12_MF;28;-2.124144;0.08;30;2000;1;5;10;3;0.250000
29-Sep-2021;19:40:32;LV_f12_MF;29;-3.222948;0.08;30;2000;1;5;10;3;0.250000
29-Sep-2021;19:40:32;LV_f12_MF;30;-1.833011;0.08;30;2000;1;5;10;3;0.250000
29-Sep-2021;19:40:32;LV_f13_MF;1;319.086331;0.08;30;2000;1;5;10;3;0.250000
29-Sep-2021;19:40:32;LV_f13_MF;2;125.243147;0.08;30;2000;1;5;10;3;0.250000
29-Sep-2021;19:40:32;LV_f13_MF;3;65.907826;0.08;30;2000;1;5;10;3;0.250000
29-Sep-2021;19:40:32;LV_f13_MF;4;261.548848;0.08;30;2000;1;5;10;3;0.250000
29-Sep-2021;19:40:32;LV_f13_MF;5;58.678136;0.08;30;2000;1;5;10;3;0.250000
29-Sep-2021;19:40:32;LV_f13_MF;6;219.114948;0.08;30;2000;1;5;10;3;0.250000
29-Sep-2021;19:40:32;LV_f13_MF;7;69.275157;0.08;30;2000;1;5;10;3;0.250000
29-Sep-2021;19:40:32;LV_f13_MF;8;81.539508;0.08;30;2000;1;5;10;3;0.250000
29-Sep-2021;19:40:32;LV_f13_MF;9;14.088746;0.08;30;2000;1;5;10;3;0.250000
29-Sep-2021;19:40:33;LV_f13_MF;10;39.240322;0.08;30;2000;1;5;10;3;0.250000
29-Sep-2021;19:40:33;LV_f13_MF;11;82.105275;0.09;30;2000;1;5;10;3;0.250000
29-Sep-2021;19:40:33;LV_f13_MF;12;773.327947;0.08;30;2000;1;5;10;3;0.250000
29-Sep-2021;19:40:33;LV_f13_MF;13;28.539141;0.08;30;2000;1;5;10;3;0.250000
29-Sep-2021;19:40:33;LV_f13_MF;14;98.657008;0.08;30;2000;1;5;10;3;0.250000
29-Sep-2021;19:40:33;LV_f13_MF;15;119.006538;0.08;30;2000;1;5;10;3;0.250000
29-Sep-2021;19:40:33;LV_f13_MF;16;523.445482;0.08;30;2000;1;5;10;3;0.250000
29-Sep-2021;19:40:33;LV_f13_MF;17;156.956482;0.08;30;2000;1;5;10;3;0.250000
29-Sep-2021;19:40:33;LV_f13_MF;18;107.906235;0.08;30;2000;1;5;10;3;0.250000
29-Sep-2021;19:40:33;LV_f13_MF;19;30.631372;0.08;30;2000;1;5;10;3;0.250000
29-Sep-2021;19:40:33;LV_f13_MF;20;62.367072;0.08;30;2000;1;5;10;3;0.250000
29-Sep-2021;19:40:33;LV_f13_MF;21;35.760982;0.08;30;2000;1;5;10;3;0.250000
29-Sep-2021;19:40:34;LV_f13_MF;22;534.567162;0.09;30;2000;1;5;10;3;0.250000
29-Sep-2021;19:40:34;LV_f13_MF;23;26.479690;0.08;30;2000;1;5;10;3;0.250000
29-Sep-2021;19:40:34;LV_f13_MF;24;149.280668;0.08;30;2000;1;5;10;3;0.250000
29-Sep-2021;19:40:34;LV_f13_MF;25;288.510536;0.08;30;2000;1;5;10;3;0.250000
29-Sep-2021;19:40:34;LV_f13_MF;26;315.978395;0.08;30;2000;1;5;10;3;0.250000
29-Sep-2021;19:40:34;LV_f13_MF;27;27.917820;0.08;30;2000;1;5;10;3;0.250000
29-Sep-2021;19:40:34;LV_f13_MF;28;67.644112;0.08;30;2000;1;5;10;3;0.250000
29-Sep-2021;19:40:34;LV_f13_MF;29;21.228819;0.08;30;2000;1;5;10;3;0.250000
29-Sep-2021;19:40:34;LV_f13_MF;30;74.208268;0.08;30;2000;1;5;10;3;0.250000
29-Sep-2021;19:40:34;LV_f14_MF;1;0.316557;0.08;30;2000;1;5;10;3;0.250000
29-Sep-2021;19:40:34;LV_f14_MF;2;0.482813;0.08;30;2000;1;5;10;3;0.250000
29-Sep-2021;19:40:34;LV_f14_MF;3;0.443667;0.08;30;2000;1;5;10;3;0.250000
29-Sep-2021;19:40:35;LV_f14_MF;4;0.405542;0.08;30;2000;1;5;10;3;0.250000
29-Sep-2021;19:40:35;LV_f14_MF;5;0.376488;0.08;30;2000;1;5;10;3;0.250000
29-Sep-2021;19:40:35;LV_f14_MF;6;0.415615;0.08;30;2000;1;5;10;3;0.250000
29-Sep-2021;19:40:35;LV_f14_MF;7;0.386283;0.08;30;2000;1;5;10;3;0.250000
29-Sep-2021;19:40:35;LV_f14_MF;8;0.339003;0.08;30;2000;1;5;10;3;0.250000
29-Sep-2021;19:40:35;LV_f14_MF;9;0.492350;0.08;30;2000;1;5;10;3;0.250000
29-Sep-2021;19:40:35;LV_f14_MF;10;0.392554;0.09;30;2000;1;5;10;3;0.250000
29-Sep-2021;19:40:35;LV_f14_MF;11;0.452762;0.09;30;2000;1;5;10;3;0.250000
29-Sep-2021;19:40:35;LV_f14_MF;12;0.366994;0.08;30;2000;1;5;10;3;0.250000
29-Sep-2021;19:40:35;LV_f14_MF;13;0.506905;0.08;30;2000;1;5;10;3;0.250000
29-Sep-2021;19:40:35;LV_f14_MF;14;0.444546;0.08;30;2000;1;5;10;3;0.250000
29-Sep-2021;19:40:35;LV_f14_MF;15;0.462617;0.08;30;2000;1;5;10;3;0.250000
29-Sep-2021;19:40:36;LV_f14_MF;16;0.375997;0.08;30;2000;1;5;10;3;0.250000
29-Sep-2021;19:40:36;LV_f14_MF;17;0.330276;0.09;30;2000;1;5;10;3;0.250000
29-Sep-2021;19:40:36;LV_f14_MF;18;0.419715;0.08;30;2000;1;5;10;3;0.250000
29-Sep-2021;19:40:36;LV_f14_MF;19;0.467938;0.08;30;2000;1;5;10;3;0.250000
29-Sep-2021;19:40:36;LV_f14_MF;20;0.423954;0.09;30;2000;1;5;10;3;0.250000
29-Sep-2021;19:40:36;LV_f14_MF;21;0.481913;0.09;30;2000;1;5;10;3;0.250000
29-Sep-2021;19:40:36;LV_f14_MF;22;0.380988;0.08;30;2000;1;5;10;3;0.250000
29-Sep-2021;19:40:36;LV_f14_MF;23;0.328504;0.08;30;2000;1;5;10;3;0.250000
29-Sep-2021;19:40:36;LV_f14_MF;24;0.343453;0.08;30;2000;1;5;10;3;0.250000
29-Sep-2021;19:40:36;LV_f14_MF;25;0.426453;0.13;30;2000;1;5;10;3;0.250000
29-Sep-2021;19:40:36;LV_f14_MF;26;0.281742;0.08;30;2000;1;5;10;3;0.250000
29-Sep-2021;19:40:37;LV_f14_MF;27;0.422343;0.08;30;2000;1;5;10;3;0.250000
29-Sep-2021;19:40:37;LV_f14_MF;28;0.410541;0.08;30;2000;1;5;10;3;0.250000
29-Sep-2021;19:40:37;LV_f14_MF;29;0.415273;0.08;30;2000;1;5;10;3;0.250000
29-Sep-2021;19:40:37;LV_f14_MF;30;0.281527;0.08;30;2000;1;5;10;3;0.250000
29-Sep-2021;19:40:37;LV_f15_MF;1;14160.665032;0.09;30;2000;1;5;10;3;0.250000
29-Sep-2021;19:40:37;LV_f15_MF;2;2976.477261;0.09;30;2000;1;5;10;3;0.250000
29-Sep-2021;19:40:37;LV_f15_MF;3;3811.594613;0.08;30;2000;1;5;10;3;0.250000
29-Sep-2021;19:40:37;LV_f15_MF;4;1760.090666;0.08;30;2000;1;5;10;3;0.250000
29-Sep-2021;19:40:37;LV_f15_MF;5;931.250890;0.08;30;2000;1;5;10;3;0.250000
29-Sep-2021;19:40:37;LV_f15_MF;6;3334.679323;0.08;30;2000;1;5;10;3;0.250000
29-Sep-2021;19:40:37;LV_f15_MF;7;14051.655571;0.09;30;2000;1;5;10;3;0.250000
29-Sep-2021;19:40:37;LV_f15_MF;8;3430.021805;0.09;30;2000;1;5;10;3;0.250000
29-Sep-2021;19:40:38;LV_f15_MF;9;2890.444892;0.09;30;2000;1;5;10;3;0.250000
29-Sep-2021;19:40:38;LV_f15_MF;10;13953.314664;0.09;30;2000;1;5;10;3;0.250000
29-Sep-2021;19:40:38;LV_f15_MF;11;1031.284997;0.10;30;2000;1;5;10;3;0.250000
29-Sep-2021;19:40:38;LV_f15_MF;12;15005.062682;0.09;30;2000;1;5;10;3;0.250000
29-Sep-2021;19:40:38;LV_f15_MF;13;4497.637111;0.09;30;2000;1;5;10;3;0.250000
29-Sep-2021;19:40:38;LV_f15_MF;14;18775.838258;0.10;30;2000;1;5;10;3;0.250000
29-Sep-2021;19:40:38;LV_f15_MF;15;4119.741043;0.11;30;2000;1;5;10;3;0.250000
29-Sep-2021;19:40:38;LV_f15_MF;16;6271.963237;0.10;30;2000;1;5;10;3;0.250000
29-Sep-2021;19:40:38;LV_f15_MF;17;4215.803517;0.09;30;2000;1;5;10;3;0.250000
29-Sep-2021;19:40:38;LV_f15_MF;18;4531.107183;0.08;30;2000;1;5;10;3;0.250000
29-Sep-2021;19:40:39;LV_f15_MF;19;4278.126446;0.08;30;2000;1;5;10;3;0.250000
29-Sep-2021;19:40:39;LV_f15_MF;20;9332.307378;0.09;30;2000;1;5;10;3;0.250000
29-Sep-2021;19:40:39;LV_f15_MF;21;7351.187511;0.08;30;2000;1;5;10;3;0.250000
29-Sep-2021;19:40:39;LV_f15_MF;22;5654.356134;0.09;30;2000;1;5;10;3;0.250000
29-Sep-2021;19:40:39;LV_f15_MF;23;8380.710332;0.09;30;2000;1;5;10;3;0.250000
29-Sep-2021;19:40:39;LV_f15_MF;24;6131.129531;0.09;30;2000;1;5;10;3;0.250000
29-Sep-2021;19:40:39;LV_f15_MF;25;5370.537648;0.08;30;2000;1;5;10;3;0.250000
29-Sep-2021;19:40:39;LV_f15_MF;26;1868.092924;0.09;30;2000;1;5;10;3;0.250000
29-Sep-2021;19:40:39;LV_f15_MF;27;894.606147;0.08;30;2000;1;5;10;3;0.250000
29-Sep-2021;19:40:39;LV_f15_MF;28;1997.059871;0.08;30;2000;1;5;10;3;0.250000
29-Sep-2021;19:40:39;LV_f15_MF;29;5108.912231;0.08;30;2000;1;5;10;3;0.250000
29-Sep-2021;19:40:39;LV_f15_MF;30;5977.657567;0.08;30;2000;1;5;10;3;0.250000
29-Sep-2021;19:40:40;LV_f16_MF;1;450.348597;0.09;30;2000;1;5;10;3;0.250000
29-Sep-2021;19:40:40;LV_f16_MF;2;294.245982;0.09;30;2000;1;5;10;3;0.250000
29-Sep-2021;19:40:40;LV_f16_MF;3;329.182637;0.09;30;2000;1;5;10;3;0.250000
29-Sep-2021;19:40:40;LV_f16_MF;4;267.015955;0.09;30;2000;1;5;10;3;0.250000
29-Sep-2021;19:40:40;LV_f16_MF;5;497.894364;0.09;30;2000;1;5;10;3;0.250000
29-Sep-2021;19:40:40;LV_f16_MF;6;686.850602;0.09;30;2000;1;5;10;3;0.250000
29-Sep-2021;19:40:40;LV_f16_MF;7;552.041684;0.09;30;2000;1;5;10;3;0.250000
29-Sep-2021;19:40:40;LV_f16_MF;8;407.227143;0.09;30;2000;1;5;10;3;0.250000
29-Sep-2021;19:40:40;LV_f16_MF;9;610.003474;0.09;30;2000;1;5;10;3;0.250000
29-Sep-2021;19:40:40;LV_f16_MF;10;358.125985;0.09;30;2000;1;5;10;3;0.250000
29-Sep-2021;19:40:40;LV_f16_MF;11;374.914727;0.09;30;2000;1;5;10;3;0.250000
29-Sep-2021;19:40:41;LV_f16_MF;12;893.731211;0.09;30;2000;1;5;10;3;0.250000
29-Sep-2021;19:40:41;LV_f16_MF;13;152.378957;0.09;30;2000;1;5;10;3;0.250000
29-Sep-2021;19:40:41;LV_f16_MF;14;393.868961;0.09;30;2000;1;5;10;3;0.250000
29-Sep-2021;19:40:41;LV_f16_MF;15;408.030796;0.09;30;2000;1;5;10;3;0.250000
29-Sep-2021;19:40:41;LV_f16_MF;16;238.550290;0.09;30;2000;1;5;10;3;0.250000
29-Sep-2021;19:40:41;LV_f16_MF;17;664.573763;0.09;30;2000;1;5;10;3;0.250000
29-Sep-2021;19:40:41;LV_f16_MF;18;1069.252242;0.09;30;2000;1;5;10;3;0.250000
29-Sep-2021;19:40:41;LV_f16_MF;19;967.217247;0.09;30;2000;1;5;10;3;0.250000
29-Sep-2021;19:40:41;LV_f16_MF;20;249.450268;0.09;30;2000;1;5;10;3;0.250000
29-Sep-2021;19:40:41;LV_f16_MF;21;600.394963;0.09;30;2000;1;5;10;3;0.250000
29-Sep-2021;19:40:42;LV_f16_MF;22;193.007394;0.09;30;2000;1;5;10;3;0.250000
29-Sep-2021;19:40:42;LV_f16_MF;23;705.829697;0.09;30;2000;1;5;10;3;0.250000
29-Sep-2021;19:40:42;LV_f16_MF;24;1098.730613;0.09;30;2000;1;5;10;3;0.250000
29-Sep-2021;19:40:42;LV_f16_MF;25;251.037537;0.09;30;2000;1;5;10;3;0.250000
29-Sep-2021;19:40:42;LV_f16_MF;26;308.077691;0.09;30;2000;1;5;10;3;0.250000
29-Sep-2021;19:40:42;LV_f16_MF;27;210.325518;0.09;30;2000;1;5;10;3;0.250000
29-Sep-2021;19:40:42;LV_f16_MF;28;605.297464;0.09;30;2000;1;5;10;3;0.250000
29-Sep-2021;19:40:42;LV_f16_MF;29;743.814740;0.09;30;2000;1;5;10;3;0.250000
29-Sep-2021;19:40:42;LV_f16_MF;30;507.053314;0.09;30;2000;1;5;10;3;0.250000
29-Sep-2021;19:40:42;LV_f17_MF;1;302.600547;0.09;30;2000;1;5;10;3;0.250000
29-Sep-2021;19:40:42;LV_f17_MF;2;308.553231;0.09;30;2000;1;5;10;3;0.250000
29-Sep-2021;19:40:43;LV_f17_MF;3;338.205370;0.13;30;2000;1;5;10;3;0.250000
29-Sep-2021;19:40:43;LV_f17_MF;4;259.074380;0.10;30;2000;1;5;10;3;0.250000
29-Sep-2021;19:40:43;LV_f17_MF;5;141.960641;0.09;30;2000;1;5;10;3;0.250000
29-Sep-2021;19:40:43;LV_f17_MF;6;329.066848;0.10;30;2000;1;5;10;3;0.250000
29-Sep-2021;19:40:43;LV_f17_MF;7;363.752885;0.09;30;2000;1;5;10;3;0.250000
29-Sep-2021;19:40:43;LV_f17_MF;8;354.236012;0.09;30;2000;1;5;10;3;0.250000
29-Sep-2021;19:40:43;LV_f17_MF;9;392.605341;0.09;30;2000;1;5;10;3;0.250000
29-Sep-2021;19:40:43;LV_f17_MF;10;316.680814;0.09;30;2000;1;5;10;3;0.250000
29-Sep-2021;19:40:43;LV_f17_MF;11;159.632112;0.09;30;2000;1;5;10;3;0.250000
29-Sep-2021;19:40:43;LV_f17_MF;12;354.478124;0.09;30;2000;1;5;10;3;0.250000
29-Sep-2021;19:40:44;LV_f17_MF;13;87.929038;0.09;30;2000;1;5;10;3;0.250000
29-Sep-2021;19:40:44;LV_f17_MF;14;249.631655;0.09;30;2000;1;5;10;3;0.250000
29-Sep-2021;19:40:44;LV_f17_MF;15;288.755833;0.09;30;2000;1;5;10;3;0.250000
29-Sep-2021;19:40:44;LV_f17_MF;16;272.907637;0.10;30;2000;1;5;10;3;0.250000
29-Sep-2021;19:40:44;LV_f17_MF;17;284.713130;0.09;30;2000;1;5;10;3;0.250000
29-Sep-2021;19:40:44;LV_f17_MF;18;302.599347;0.10;30;2000;1;5;10;3;0.250000
29-Sep-2021;19:40:44;LV_f17_MF;19;586.051270;0.09;30;2000;1;5;10;3;0.250000
29-Sep-2021;19:40:44;LV_f17_MF;20;293.570006;0.09;30;2000;1;5;10;3;0.250000
29-Sep-2021;19:40:44;LV_f17_MF;21;300.428676;0.10;30;2000;1;5;10;3;0.250000
29-Sep-2021;19:40:44;LV_f17_MF;22;146.519773;0.09;30;2000;1;5;10;3;0.250000
29-Sep-2021;19:40:44;LV_f17_MF;23;236.333440;0.09;30;2000;1;5;10;3;0.250000
29-Sep-2021;19:40:45;LV_f17_MF;24;542.340011;0.09;30;2000;1;5;10;3;0.250000
29-Sep-2021;19:40:45;LV_f17_MF;25;156.955094;0.09;30;2000;1;5;10;3;0.250000
29-Sep-2021;19:40:45;LV_f17_MF;26;381.765393;0.09;30;2000;1;5;10;3;0.250000
29-Sep-2021;19:40:45;LV_f17_MF;27;276.974283;0.09;30;2000;1;5;10;3;0.250000
29-Sep-2021;19:40:45;LV_f17_MF;28;286.487313;0.10;30;2000;1;5;10;3;0.250000
29-Sep-2021;19:40:45;LV_f17_MF;29;277.866511;0.10;30;2000;1;5;10;3;0.250000
29-Sep-2021;19:40:45;LV_f17_MF;30;219.443314;0.10;30;2000;1;5;10;3;0.250000
