3.51036909088701,1.7787102781305
1.73935894673282,-4.80915776057841
-5.52790679939509,-3.7941182472037
2.66913904210858,1.80519166652253
0.248312454925269,2.65568817057233
-3.18265552530534,2.63599703523916
-0.921713328114477,1.21098006554062
0.960978005445708,2.2293396491526
2.16925897002926,-3.2433443159561
-0.0663590257164825,1.08666343991951
3.0654159071842,-1.32470913981633
1.58776946124963,1.34116503568642
0.0221481058549505,6.70211037560268
-0.0205084014266531,0.928838317302301
0.715539647364596,-3.57203732734012
4.48789272306957,-2.56774944737364
0.603124464716183,-1.79184474746035
2.5600136222972,-2.90189090900896
-3.64271337496597,0.206673347394723
1.58473692279419,-4.87394887583809
-5.22073055715635,1.27247971375064
3.98122668926787,-1.41574483864913
2.0144021717873,-1.70200252625175
-3.54576397827972,-2.98008475363228
0.737751312096816,2.82546023716707
1.28264017092875,1.81609566747553
4.48473889722207,-1.45928249887975
3.00707091049805,-2.12160330798985
4.9202183849183,-4.91448247478653
2.46711572395131,-2.0642226976106
1.00587056573086,0.542942573920931
-1.35834322991552,1.20396576598458
6.23203906038275,-1.27258192665251
0.144971456096748,2.01862377350482
-2.90997175693021,-1.64871563340208
6.79426796656458,-5.01314899270511
2.02725059219879,5.39749939172004
5.20866373223141,-5.13734175658387
2.0761235427826,-0.297080002161279
5.06399002748016,-4.86454806761533
5.74900102795312,-5.31442469324671
-1.44465358415117,-4.6837661623487
2.53775342422398,-0.459457297643027
5.92748636224985,-2.74110358323164
-4.76376771421026,-1.0613449154925
2.88016127765938,-0.787698090987485
-5.28987633224589,2.56938917840459
4.03146346038747,1.71239028905657
0.438610293117454,5.91587900136819
7.50664227605421,-0.0798616358365237
0.996430271533291,-0.824432061798749
1.65134281735446,-4.75183858880192
-1.77770585118968,-5.0998119398433
0.447445300680866,1.93937577956677
1.28629365238601,-2.79987934856156
-2.12360849964724,0.0821297190568552
-0.0788593465790849,-3.1774368936014
5.53654185539448,-1.83768306043344
-2.98248652690291,-3.19718554902772
3.58937496518271,-3.33585282484522
2.33746652898779,-5.19467036439156
-0.799269389664369,0.84872287222624
3.88127639175238,0.13090296571964
2.19922977875367,-0.981211542125693
2.01542894717575,4.51269546057078
4.73277894486557,-2.30349126580833
6.69434821792363,4.37087528840148
4.46832886663921,-1.10877390993143
3.39927357569798,-3.29985640092691
-1.3331873637247,-1.7305252025846
-3.68597219116065,0.340202027736487
-0.871001137478201,1.46039623347918
2.10645670405874,-4.11814506273154
3.06316238179184,3.3926888849806
2.69428370129021,-0.792044285729415
0.355946459973425,-0.996197806471553
-0.800430425659067,4.64541757666994
1.06878069192557,3.70389926492727
1.29921074173281,-6.06081705202426
0.643711205447354,-1.61645728371957
6.02981146830485,-3.96532066959317
-0.37378242796278,-5.5003334215783
1.64497785036218,1.08283555248281
3.77233557932275,4.01334075975694
2.80285620385463,-5.43751970024972
-0.766187132296132,0.740684161833616
0.48062451000846,-4.60511501957795
-1.53527670844438,-4.54702206919946
-2.55921777977337,4.63495516627623
4.74316072956984,-3.88690105823187
7.4377225338817,4.16272320959594
2.52207665761398,0.299494332646945
0.715582662555369,-0.221615722726252
5.70744869017695,-1.80186039030825
-3.63672017873429,0.920405196987368
6.11891639174168,-2.26234603474714
2.95581492131002,-3.84353806999671
4.18525488230855,-1.71548655561145
0.615053935403751,-0.196831793053081
0.361287268039335,-0.0711029061041512
-1.97499278132353,-5.39356535241323
0.142205628566637,1.29728344935183
2.56510491667888,-2.42580493957031
-2.58886935072637,5.20958330792816
4.48304721456352,0.697598360616522
6.59834185446004,0.512049467888842
-3.24483329569542,3.95155813079968
1.67490191189152,1.45714790594199
0.490468418026133,-2.57108975350148
3.09325019428713,0.953875571613613
4.36083655667154,1.24180323282539
6.59432827185627,-1.85030419798343
-5.29527447995565,3.7584117066455
-0.627765025319934,-5.07641011514678
4.51659013506402,-4.72652775169754
3.53076877174549,-4.19602461947172
4.06410205062704,-0.390698659988324
6.19162399831605,3.35916613658727
-0.918830462137776,-4.7043511189781
4.31321331674816,-4.89209793331902
-0.139700200898007,-1.05601672711378
0.791053631830002,-3.54756559927257
-5.41275154291247,0.453534569310472
2.78533904025431,2.53711065897498
0.0834674897630335,4.35043783512184
-4.33530197950034,0.840313066221383
1.24137644907756,-2.80594457852036
-0.7117770660214,-5.34998719181649
-2.03628350618246,-3.92257770120434
-3.70396022549278,-3.36521364908343
1.13257634545145,4.66664292064978
0.556915576000975,0.648320448240483
3.91490267773974,6.05359483457428
4.45857702561933,4.51390604398327
-1.87987175866973,-5.84400866334743
1.70181892858937,2.21181238323943
-0.41783805017597,0.686547452495615
-2.04113660716472,-1.81700674970668
5.50966708180741,-0.936503999921899
-4.03157474940407,-2.60847229213561
4.75871473398441,2.91044808128038
-1.10218707994132,2.18285255462085
7.58421126057799,-4.55737160682677
2.9144775488384,4.93442944314978
5.85484759816423,-3.26916478744533
-2.08368767127888,-0.41334131802209
4.56683807381618,5.20815674854591
0.784832198799964,-1.82272763032428
-5.38288403838109,-2.22979638192458
2.94637306964027,4.01695075273319
-2.09376860135825,-4.39367106983953
-3.68850837859482,4.86919965934671
4.66361829977883,-4.97479194149767
4.47243627969165,-5.6778448890625
6.10381660002487,-3.41997456636261
5.28213848151186,2.58877005789061
-2.40387369295482,4.76000912610088
3.81764623343807,0.881612361519913
-3.82746895564491,-0.000748193408168256
2.4023739248064,0.650456955669611
7.86184505247437,-4.32833363729157
6.38065350242951,1.26573793282677
3.13932302937796,-1.19088122672197
2.29433392798412,4.44350061562454
-4.47760037951484,-4.6796727565855
0.909327269996475,1.07906922910266
3.37781375301417,2.4383779043033
0.674843121499598,-5.78654633364963
6.02480513193487,4.43285391091436
-1.17655484120722,-3.05738235623878
-2.27546785876144,1.32648759610672
-1.23428083126114,-0.605530826759977
7.48939709362926,2.85177286624789
-3.37321293096887,-5.31191764577744
0.511798449237861,5.62933740739322
0.317856295728361,3.98259857863592
-3.45596302327459,1.53062769955266
-2.48142106099472,-3.47779099664449
-1.14384074253207,1.48668863429301
3.63727950889297,1.94186705354662
4.22154620554691,-1.75375377095925
2.14732500704386,5.82463837041636
3.60944441688173,0.492210665521854
-2.46833158024765,3.11903828329407
1.36907509319452,0.59633495849552
2.78290712215915,-4.73910003326483
-3.17607401692122,-3.76706092111854
4.56662808470997,0.303427780801614
1.52448833648882,7.02091455472596
-1.90287373721463,-4.52798175614778
-2.1508537052789,-1.15315315314997
-1.29269308577028,3.38006474796065
0.891908083347703,3.96022741536725
-3.5523575240859,-0.140642238398701
-0.70231850245462,-5.73032908623659
-3.914132451161,4.03794531608706
-4.78107353346411,-0.656599216612684
-2.1110791561408,2.19443161547374
-0.923465566664497,3.31620451534603
-2.65919596346465,-5.08286821648502
-2.25987511530477,-1.16023162756425
-1.42192012193575,-4.46415364123593
3.76744460318947,-3.26371040148115
3.64441356540824,-3.45102168198911
7.74642235765378,1.50368939699302
5.37831740374932,1.29376608603721
0.37776774042604,3.3557792485363
0.976064134926456,-5.4348950666981
-0.301855201788551,3.07061334270668
-2.49606497927812,-1.63675019185956
-4.95148551809498,-3.91431731332629
0.0710973194378648,-0.842831788788317
-3.18331370501784,-3.41991811128284
5.73231074188079,2.89008712925907
5.39039140775419,4.5841461458105
3.18399777899613,-0.498674407948874
2.88474971458776,-6.19007538250775
0.404689406670394,-6.365800496617
-2.24244292333074,-4.91702793137861
-1.04312949929124,2.26937624186708
-3.81977409114622,-1.68207772644717
1.80706909738659,-0.0553211312323267
-1.17082776527937,-4.01494002969745
6.59668539788573,-4.36031163788977
0.847992226034734,-7.12245657829725
-3.07136059620614,4.48975243810724
2.45448127136597,-1.89586123574474
1.14757246645482,6.66344641065055
1.26744714194958,1.96535110083323
-2.98582373906806,-3.51568867180282
-1.6429014893411,-0.349825098125148
-5.07083178584707,-0.269538227417617
4.05635758610558,-1.386201282307
6.02729660230022,1.59880819519289
-3.03652563482884,3.40177851139438
1.14564093869341,-0.992344306763986
0.605711635280406,-2.00300084067683
5.79308257368653,-1.51636780017357
7.56104324291326,-4.94444097147487
1.97857655562615,-0.124465958252803
-3.09803700974923,3.85176273209632
-2.59242216882009,-0.0484959996511154
-1.10603175748986,1.18914512279768
-1.86759500530859,-3.74955106184753
2.42098260781508,-0.582201252128428
-1.23655020376587,-1.28021306231583
2.0072068820208,-1.34580576801146
1.51364251264626,2.60592613582606
-0.860783651692129,-5.01538421251044
3.51088644692768,0.943347749851879
4.4551159633071,2.96960146222358
5.5530276396235,-3.93286692856699
1.81790283344519,7.41705142342949
-0.0882951778073373,-6.49071007152726
-5.08496549111254,-1.23591836220423
-2.13528047237541,5.44927793444093
-1.27678055775581,1.92664479473631
-5.7126213280485,-3.32840730259339
6.90152158958986,-0.0532772503173916
2.28300374846702,-2.53883398849468
0.443811050228388,-5.81749767657784
-1.88739494457169,-3.31457909593017
-1.91653373543905,-0.479574858911095
2.48316555282408,-4.17234153368522
2.65358977473298,-2.68012303221674
5.00879801274616,-0.44399002199751
-1.01544092858183,-3.95805011378755
-2.48338199967688,1.42042815257762
0.11783689999202,6.91606389039285
-3.58611375067506,0.740295558584027
-2.1966022308151,-0.686300531034279
6.11818259992283,3.94308785342186
0.936043544390835,-0.482896869953154
-0.000837909009908962,-4.12601156145462
-2.3564376844092,-3.58736982230416
6.66647758009405,2.92145135100834
3.21356174266225,-4.40900108966766
0.60346158886916,-2.21528042920828
-2.440988379298,-1.91528517602345
2.70694965889746,4.55412621308644
-1.54867283699772,-4.75473763511294
-1.93383687735854,1.89321723339334
6.65556713938888,-4.31885031491265
-1.37913907776286,-5.7555840990438
-3.69376786534987,2.22741880150693
1.60035526579687,4.98319290924078
2.09885006303408,-3.83949257844846
2.63620343045912,-3.57577148480307
5.59841876212954,1.24802442150992
0.536475470340167,-3.64050369077251
8.06002710040959,3.91080345757346
-3.36004497473026,-1.4638459802024
4.37941657374399,1.36889232175169
-3.7455011653063,0.401705001728141
-0.239129894272066,4.83245539628604
6.25768032249271,-2.46387842207809
3.90352085374953,-3.1835273625583
0.561268044964447,7.00957435494096
0.641768711619312,1.65243832889025
3.13742131286344,1.15121295845981
3.43065350981847,-2.01094156442465
4.25753422188549,-4.93865120560468
-1.88951896297721,-2.93133895828113
-5.71936774800585,-3.40125806691163
-3.27355040019067,4.95267547567001
-0.627207776516204,3.83059525244197
3.18655861756214,2.12827464207703
-1.95509230892239,-3.90195851764296
5.41017698613485,-1.21700042365701
-0.0717134059875667,6.60047148914427
4.70400325419277,2.66553732501018
-2.61610905846509,2.51331590278954
0.306423586436925,0.956643043363013
-0.00614942903311093,4.75302199270277
3.10428596280204,1.8772910666106
-4.31103504432684,3.65291202217865
-3.47523194006304,-1.80199694486584
-2.27933389552168,-5.46233135376136
-3.85927446526058,-3.52040314828052
5.6033711856424,0.307744945307663
1.84994875599052,-2.75949389445653
5.94305124597767,-2.88902047719287
2.5718887006072,1.57529715851464
2.66246496121804,-5.52085610688425
-3.73924459273801,-2.50313173999454
-3.54522188783834,-0.998589106186142
-2.73020364567515,6.13111191864323
2.85302907530643,-6.32611774466096
-5.1786505524164,2.86549465833801
3.90047255502719,5.22334034695051
2.42986721278935,-1.33883494727957
-1.07418572045206,3.12163494182595
-1.02751698463329,3.79344937660075
-1.5370652784496,2.94242658434199
0.971833478158186,-0.211953890717556
6.49453455317019,-4.90588948490499
1.40500887687067,4.82426676203668
-0.352112396192915,-3.77968927712398
-1.10788994394475,-2.50516354023231
0.477342418430732,4.6917179069133
-3.08230702590748,2.52066184303342
0.859853354444485,-4.97547716107226
2.13087345668696,5.64435828259184
0.979700384231023,-3.79579417185525
-0.74734699241405,-0.759968716688113
5.63706788624394,-1.11560745229141
1.38668123416214,-4.24056879416247
6.62017001536497,0.632255595521675
0.451812945297052,-0.64923450706469
-3.61124799715172,3.04420078780824
2.59035413321555,-0.333396958558098
4.38389214683223,3.3488493070194
2.23336191581066,2.62322978750401
0.660590483733403,6.59058563238889
-2.93802863177083,-0.982504970903571
1.93793018135917,3.97084535258972
2.22056261165643,-2.26255621061979
3.70257674303564,-1.65218445684334
-0.788565380781287,6.03972767991274
4.97703187317625,-0.795626191857677
2.11763376878807,1.32695531854464
5.12671729315338,3.69129016965234
2.21970640046265,-1.44437703951057
3.67087793716835,-5.68217829026613
6.11026357628046,-3.10762550626958
0.27810200835985,-1.82098911314777
-2.90905776658857,-2.12670449460629
-1.83403237902341,-4.74325072683801
0.822653074137535,4.41975412601368
2.38717965023838,2.47525365178023
3.15227143497426,0.736216519224654
6.41552274075194,-0.289579580727177
-3.16321576284981,-2.50624382154005
3.23249436230095,5.33496864633622
4.89072098721669,-3.65094085610769
-3.08343324413285,-1.05404950182743
-0.817339683973106,-2.79618719454922
1.78003547518539,3.44590054219531
0.506731289618069,-3.98942806774778
3.59243507172431,3.39131201777364
6.3175711285523,-1.27467835698531
6.00569172948973,2.13466929148405
6.10578609887803,2.11836215859936
4.27954433687593,3.38493740337982
-0.596666219328967,2.94714515102817
-0.157773793670945,0.598460632128734
4.14785166419842,-2.8743853177403
0.35793055412078,-1.6905279064894
-0.505595331383146,0.318154112644499
-3.84907919428498,-3.7903365354696
6.77665387937479,-1.76080060850424
3.50594899615257,1.88450408104854
-4.47713710316137,4.99832064930805
-3.84389885184268,1.26564193563493
5.51600029761557,5.62549425490523
1.15115426909792,-1.89142136234449
-4.84809965018704,-4.11526636453239
-2.53508348832335,3.5318967723451
-0.475536287461853,-5.01778998384756
0.103750000106535,2.21934183701299
4.70052605468148,0.0481647481798859
2.91599243216132,2.76030078153851
-1.3056368484647,3.73107577877922
3.53786839459825,1.45695232540057
1.47740706110567,0.192696123663057
0.6020550690545,2.42012145792449
-3.0829268993638,-3.06249940136897
-4.96316074873652,0.192671027188834
-2.46251505590208,4.43134754471981
0.766336242277466,5.39126463881129
2.35391324860012,0.871037941772092
2.32632074877304,3.19509487737567
6.04338078726322,4.72964942690029
4.65334034028996,1.50595805802612
-1.69996464957848,-3.09935935946976
-5.73562703368682,-1.40869351430369
-0.378372664852002,-0.47912981137191
-5.68084593366283,4.28578502003211
4.86705683777701,4.31781061927932
-3.68272664843063,2.36087903824258
-0.60665761527117,-2.6331433725595
-2.76893089374907,2.10223477588233
2.22131383418978,1.87644190455879
1.46691765320393,5.49239514340602
4.90733788219361,2.54411895948898
-3.34147649749382,-3.22724404150547
-1.99430179830443,-1.91972546450316
0.506929993500377,0.0278065501150968
-3.23299759968679,-2.05389023305458
1.1745494357889,1.75315379092384
5.52573519441616,-3.19794659773449
-4.89268264577633,1.67274306135265
3.96090734275385,1.36381140073914
1.77664230552604,-5.35320045518832
1.58573169810961,5.40705622697764
2.35904375133006,2.0289925835615
-4.51877265442968,1.25063103080943
-5.39034400009075,1.05073513673567
0.187257326684643,0.33980979805507
5.95193702529665,0.923588801558801
0.538824065362238,6.41705693201284
4.24958037739335,-0.217635739796185
0.48596631504299,3.30843852692302
3.67524133600045,-3.73306337089913
2.06835126529918,3.94414856557601
1.66133438851073,-3.03826321770796
1.18711040862639,2.32060550814544
3.06396694608439,1.39487510666546
-3.05901698292447,-1.93890526911602
1.21984214592467,3.08026089084599
2.29710865044721,-4.62465093641593
4.16808271634257,-2.76231847589896
1.72648419533971,-5.49090842829355
1.8536916259201,-4.90150088984293
5.35303097277775,2.57052378234812
-0.337362914744411,-2.65908382963737
-0.11227894894372,-7.03467842935326
5.36902372939349,-3.40251035722272
-1.87621236661091,1.63116508520281
6.00746729614021,-4.94607971443945
0.349811672152483,-1.7472140035492
-1.62909119780901,3.83036654025254
0.0384948284489507,4.28679534892701
1.12914763635998,2.87726609238265
5.42992334894296,-5.18688308178865
5.74540570106087,2.89675995590292
3.65308160574958,-0.5796366935098
0.0677361377001297,5.14948585434208
-4.95967189043971,-4.28801765017296
5.60107748918874,4.86581434497304
5.62289645360135,-1.80495754474064
4.59165896360918,-0.340214664698285
-5.88408209532922,1.07937372876261
2.63587523787083,-4.12164424757146
-1.87638008860443,1.06777921609978
0.658578782424919,5.28765291446124
4.30217267978426,-0.109848120119547
0.261033210827238,0.0117465226982141
-0.858150824784805,-3.37270522752489
7.17474335271834,-2.14279577445371
-2.99348675131742,-1.092562339586
5.9628541432504,-3.75811681187867
-0.465178811866302,-1.90198458771686
4.16654306456476,0.849152389626865
5.15877857990495,3.78804339083238
4.97920248109618,4.01451281778086
1.95561280385597,3.12003766965674
1.58773392266655,0.549754453917928
1.20332078033569,3.70365400017728
-0.755234733971134,4.3169506534617
3.81760974319172,0.748175935644161
3.33616848335513,-4.58051919346647
5.31982452464277,1.55928320398924
-2.49974854522005,-0.451091449222196
1.4678034407187,1.86613951304675
4.06825336413127,4.99433697686147
-2.81949584116655,0.352321156226393
3.6992648294615,-1.97601318676548
4.99980796127589,-2.78861185871619
7.17988569025208,-4.87146169675358
-1.80784873936314,5.51006266793418
7.47638748412976,4.27625818113323
2.13047242699961,4.06327563261063
3.12611760595464,1.02680537476476
0.426159640917323,-7.37746895622548
-4.18579601467793,3.60439471235441
0.493793218969349,-2.34805537403202
7.22077585910393,1.49503043897525
1.19884150376139,-2.72503169854969
-0.774187064580336,3.83006135100874
3.1589656909998,-3.44824375162371
0.603177044857022,-6.47797337509618
4.76582013695023,1.31087340106469
1.91111198529532,-4.73631404847816
-3.16802924145513,-1.60658901146866
-4.96645631664961,3.25930399630088
-2.86147758951948,-4.87671497169801
-4.4602430801854,-4.52860995569186
2.36104475729141,0.914675048269313
4.18953460177104,4.17277284260879
5.78437154643084,-2.13515154213022
1.3882888799731,5.76337369715649
-2.68849962133063,1.94277526262716
-5.04986792604297,2.6079269707976
2.95734049537626,-3.55571822824217
5.68744717880594,1.34859906195194
4.57857943105576,0.225945359878731
3.45342161902593,4.80507128006117
2.04605230688135,2.41159011142846
1.32796597160902,-1.21780128652895
7.17500932418946,1.89900683982698
-3.24305702508345,3.5023719177941
-2.28435407691235,0.317009461244893
0.108734160920854,2.70447826877838
1.7143026213235,4.37697435393041
3.29893626521483,-1.39855045041774
-5.83344922915187,3.17398663596355
-5.63242649520198,4.60228679838041
4.0686859948589,0.23647084749954
2.85257579971206,-3.67863419640963
-5.22208440242983,0.947789295834375
2.61867066425486,6.25607351302107
-0.469515696262665,-0.307711166439347
-3.22424458329495,-2.65923957226013
5.27463243800127,-1.93864265522207
-3.51170222857555,-4.95575691307212
1.89182445783907,0.788280428432127
-3.68547376834003,4.40792467557941
-0.470657492717397,-1.47277135690467
-4.48776158050538,-0.553971406355869
-3.59971144327295,0.507696851240204
2.58855983493456,5.20276988158536
2.17460856505662,1.96781907348768
2.73928681602543,-1.34072358472273
-4.64222882804846,-4.18379148368558
6.64335150215682,2.7351357022577
4.65032786352448,-3.90330595643513
4.73609599516794,-2.34797712059445
3.2138124697463,-5.6962455940924
-2.01425559606336,0.408705169254112
4.30015443162008,4.70065698075431
-4.01565769012323,-0.947720719834787
0.812799352004185,-1.49177796369057
7.77806150552987,-4.60526658414805
1.71960616520961,6.05699277493429
2.00799455911872,-5.11206161237501
0.112497646028389,3.26551979515625
-3.42955368420349,2.98001326388929
-0.944621396767046,3.82287188936936
-0.140362508042935,-2.7130858566021
-0.937138671940108,5.65042109980968
2.21067035229583,4.40521721216562
-3.10991463090008,4.70699805404665
-0.326008445913001,0.0304740562315825
5.8585669730901,-3.08849710964995
-1.9139401811364,1.58484772612614
-1.54623112332835,-0.439807480712628
-0.471357050401243,-0.852242913654431
6.8053434597833,-2.71894959531946
4.85661341534095,2.38629225878508
4.64242679351464,-1.51477638890075
-5.1981437446917,0.433570825102585
3.6727898969837,-4.76326645880826
2.40106977573139,-6.52878030279749
0.106370393244404,-3.690033045087
3.68436416528176,-6.22534294172024
-2.61437008616131,-3.38435571858098
7.19284810670201,0.750682931258922
1.3050684835293,-3.33434767833051
3.39591723549698,-0.549893354332718
7.36409638753477,-3.63508514918147
2.59416233848216,3.64604283186736
1.37903088078464,3.82609869019371
4.92146806969188,4.067802198565
1.2010241521412,1.39494284654762
-3.19764427800108,5.46587240901728
5.54366129234091,0.904422423804989
-2.63425078812642,-0.629159350090152
6.21220659686613,0.244231129565905
-1.39844300326657,1.50426466184724
4.5904198097178,5.29894733187944
1.04025553171306,-4.62041881017294
3.93664711893846,4.1725760467725
-4.30525990903519,-4.98435865620825
3.63136121935336,4.46061854761579
4.89202005649361,5.17966205106663
4.87478525033469,2.99109958267838
0.777022614591414,-3.52347689494091
1.4035493061689,4.78503190250988
5.58224355674592,-0.225355679240556
-3.74379394000826,3.8993770708794
-3.90162360251636,-2.71068732513502
4.51954627230769,-2.65630315122475
5.19073222093995,3.53219309127365
-4.59191231560307,-3.45396551317421
1.26604148021661,2.24221030473038
0.525003803926812,0.103138299160937
5.77280552441667,-1.13843822809866
-2.55163880747498,2.89299213333972
-3.88497754034638,4.40435060158079
-1.29379478854714,-2.31644857578315
-3.52452048456439,1.87539672954595
6.4454675144142,2.52620343239838
-1.93092972867891,4.1228189511592
5.03343777314081,3.3113680415792
-4.17767357670317,2.42641758511488
1.18469604723382,3.7662647558591
4.66600349737061,-0.0929728847126453
0.471127402816597,-4.91739427738952
-0.130636160758358,2.80869088091347
0.151092763675821,-2.70538694373912
-0.154516524150296,-1.71414423199668
-0.561365923872742,4.0471123125697
-3.14914549857509,4.3166914604474
-2.24838767443523,4.66823265059163
3.76059139546449,-2.44858971452563
0.544875136616332,1.48917256799362
6.85000682241879,-1.41383160942731
3.17409928708038,0.688907566029102
0.897814969613806,-4.05978810221286
7.77136068239985,1.17663384332185
-3.17825813549959,-0.103272548568328
4.07086509622768,5.69881888947171
0.84160420307462,-2.4135122166207
-1.06788627626715,-5.24739053630135
-5.65690458526205,3.78309280364112
5.55163556276528,-4.47244580193606
1.91142993308173,-1.95873962114358
4.27322190378483,0.835877798764816
2.63382448019504,6.48126808769491
-3.90323178284971,-2.8811909109474
-0.455468351091281,1.03590444635182
6.1945452784744,3.81637242518425
-0.282725189121853,-4.95767474294218
5.39103681834819,-3.87085464515927
-1.89364484263939,5.3383935997166
5.17949630997094,2.49939613147411
1.42356928833444,2.50521319763388
0.410904931468,3.98306148316767
-2.31837965924294,-4.24760970076318
5.18266292152839,1.25638102370878
-1.77114421649568,4.71782422638074
0.995278796617014,3.14586237468233
-0.132353990484355,2.90294644564271
-2.47552416589217,5.41971579514602
6.24844096008456,0.137394279052422
-1.13318430621468,5.44721525879525
-2.56593749653353,4.9621659247847
1.9916425191763,-4.92813163538739
4.16682418944293,4.84267656054422
-2.99225058006431,2.48900012967785
4.41285633539885,-3.692740151604
2.98128613344557,7.0807655708445
-0.561349510923851,5.67706014557314
-2.2319449441361,0.936585781792645
1.92334794994273,1.07622859331132
-0.42042256171541,-1.06122251621331
0.464446127961441,-1.25780243965273
-5.007441039778,-4.43892423941449
3.61764526133036,-3.41707396846358
-0.108112726132915,3.08424764680251
-4.45862065900829,-2.71125295214282
4.83150475242199,1.98506283821892
2.73391131470196,-4.54947178772822
0.951924749454309,-4.97491580115384
2.4266638317498,5.20933647451782
-1.45065518261297,-3.65289225085472
-0.376940561454375,3.8339844210892
0.391186896803026,6.73963096829615
-5.69838541320412,-2.44365153446501
1.98330290038319,5.29214471499576
1.30131381061332,-6.90015201283777
3.72776918319806,-3.32826404781954
-1.939889775197,-2.73867217011016
6.79564481369516,-2.2428684550008
-3.39993738841182,-1.13025336597919
-2.55573757521594,3.25267019504629
1.76294949788629,-1.66464858773393
-0.80938784361856,-5.29436789674777
-0.0986597210728947,4.37074624881055
5.0561573064841,0.187004027581489
5.37091780622572,-2.59816074829594
3.27980247165682,-2.55205095336395
1.70277124847732,0.704982183426489
1.94220079668327,5.8190129657431
-2.0963810912013,3.74537136614558
-4.77918753971384,-2.28000256307183
-4.79570530113855,5.00422284289838
2.95477137054344,-2.55470848800127
1.90377576806219,0.121268630306297
-0.999413716402181,6.07096617903461
-2.5391722198455,-5.69290139554064
4.35950866880226,3.07338113495132
-3.54116592361169,1.47633230526029
3.29301136091548,-1.43828478977524
2.78744560988248,3.93786519027202
4.80753295890812,-0.940215858151075
1.0312746462914,2.60034695018711
1.96486987140228,-0.316454889978985
0.661836087472852,4.9104382887508
2.95458627710018,-5.39183831785541
4.80696885750778,-1.4748248554861
-1.51006303340228,-2.19091897735381
-0.609975500048086,-1.14220717533185
5.13330477679064,0.349684283843563
2.10208805342406,-3.88400995687986
-1.90906698267862,0.585070763014884
0.516540374341839,-3.02274478763129
0.0906934034860143,-6.05301694921454
-0.536007468500342,-2.07093978123185
1.05754004470582,7.60181582467464
-2.37021423897549,3.21652511801815
-2.81121153081951,-0.00696654721893812
5.8140423413611,0.906140697217217
3.77136405212589,0.0687362704341221
0.824373296211944,-4.22538498192668
-3.19919168793755,-0.801094612596242
4.77227288354468,4.27826546032398
2.30404654419346,-5.84440168971421
-0.592057427500461,3.87245137758347
1.75597433003704,4.87448163359877
3.07268098813448,3.6945339221029
3.82724596159169,-6.03762438247889
-3.69050577592065,3.15516256605451
-1.58746497302714,-3.39536981887557
-3.82534699327452,-0.873496076229545
7.3809513499823,2.10240525701559
5.25656199452178,-1.04244514357356
2.41755107005892,-1.02663738880407
6.29794903137545,4.78921176465996
-2.35237934151675,-0.915960024548071
1.32650704362887,3.74063893149713
-1.24806947176644,6.6981242067781
1.22002125412382,4.86905348292859
1.09777365752516,-3.35396987987359
2.61788699466238,2.38495817268996
3.94523692172379,-0.643575103686519
-0.404207200667537,5.58596435620965
3.36071277409422,-4.06270340469789
-1.99616460765664,-2.19077545849295
3.42178539169744,3.14249866628882
7.09132414552877,-3.08207469486228
-1.12497283904957,-3.58855946325292
-2.71229059199967,4.02298529360382
5.04048009284515,3.71261915112889
5.69021165189783,-5.25658079195375
-4.7677229875523,5.31178843149875
-1.94879578815795,-4.22408990828872
1.19169181270416,-4.42985846106058
5.4020003384089,-0.0305368366840706
6.20349188039868,5.33830130746724
1.51560590581551,-4.43645985436366
0.716175436067969,4.41262861780422
4.20231108136806,4.13746676594574
-3.08317689502235,1.56293030259908
-0.268624193122787,5.18030477275087
7.30402455527411,-2.64476818859853
-0.272526220298288,-4.01295230590889
-3.24563341505673,-3.68775745471227
6.12074763347727,1.04983120592852
4.20168064102424,-1.42635513166219
5.42853889692876,-1.50549861111516
3.90084154547701,-6.1296779631162
-1.08177430393055,-4.90985043737683
-3.1852589937632,2.18932583016152
-0.699726495450774,0.504620811922962
-3.23315836171533,-2.29399827737934
-0.0590176025376588,3.80899254699723
2.03162692143404,4.21715838780389
1.93269198219095,-6.87302151749593
1.91113702243522,4.1144219677985
-5.39163278873842,-4.52767058109023
-0.971746209841013,-2.94026300458021
-1.8925773789843,5.64182012368427
3.89299302337132,-5.30395358317046
7.75995096001924,-2.2924851353158
-5.63249803200544,-2.99515815559376
4.17024276074339,-4.95050826295012
-1.56163864995647,4.01330184782639
-2.57788544417105,3.20969279786545
-4.97582186591555,2.63726750887187
1.61309139943415,-1.08143555653258
4.27195799159327,1.63552713410252
1.20484080498553,0.59362114373786
-1.56084230018797,3.03806967563048
-5.47826000332073,3.66598606099293
4.7403398779519,-0.293655984085123
3.57807654286462,2.95586804790239
5.30419006856691,4.65703796341955
5.12228211767506,1.0839256424274
-2.49472821749364,-3.925680043779
6.20166421011679,-1.72381469177933
-0.126991450899784,-6.29413027457346
-5.50517975717008,-4.44589415382321
-1.05812438092764,-0.510830366691271
2.20249020655771,-4.50896019625302
-1.39974806094819,-0.37718542606172
-0.566690413297583,-0.829308036119765
1.38674530513961,-3.48680971687073
2.56628204865074,-4.98560187171597
-3.89667850081101,5.43611316982881
-4.55923873686531,-1.38005130221876
-1.19633777670097,-1.84548423411771
-3.64232457888732,-0.104748879459471
-3.51276516458049,4.30556088436461
7.40029464507774,0.683953436621387
-0.689858807550262,1.29881677694586
-2.82445391482077,2.9435464118137
5.63290154452835,-0.559483539612958
3.59560942072132,-3.68685803668966
-0.941187328427066,0.54961482626564
0.917823329895648,5.80991685182018
0.638284861023566,-4.74286623349415
-3.53644927817526,5.04901530124919
-3.1305622013386,-4.29779399396369
-2.45343181625754,-3.20261972814358
4.0041105100724,1.13796076755015
3.57993075547642,3.66874409312294
-4.57961127965561,-0.510317002973103
-2.67068441887745,-1.4582604592833
-4.38183270999455,2.11277054303145
-4.39309616610837,-3.20750059433988
-4.16093719681281,-5.52140029249253
0.269526831050316,-4.03732337189189
2.42158565317796,3.61572501455632
3.33635113775325,0.103953064187773
6.33793703614111,2.11343751716382
0.305077472125223,3.7603725308414
2.08038262883791,-3.40094678157984
-2.01894905391389,-0.674539681715623
3.19270029480175,2.67080010802427
-1.17354784014165,2.77045912412423
2.78167551488151,-1.51972308672054
-0.0465544815599107,-7.12929793520264
3.31375192883469,-2.51026816099881
2.03772674904776,3.29113057983093
5.12545746596518,-0.0268788394968139
-4.46680047051972,4.96804472852497
-2.9551536261345,-3.67130208252007
-2.80591686910996,6.19281042010898
3.13148728234987,6.46023521866275
3.22586825923513,0.439229026055633
-3.3824688892811,-0.142575250678517
0.402682445727017,0.89380867128356
-3.52761923392468,-1.0424285599945
6.77430125298155,1.13681875041611
1.66281983283746,2.13595158517264
-4.57993345077088,4.1446257136372
4.38498565959826,-4.16481025170226
2.1259504745994,-4.34907730863074
5.08117569144021,2.86464030447364
-1.22767885710762,-1.88291929172228
4.26871971472429,-4.67159341548023
2.70818229746281,2.3093450145867
3.89282682959959,-2.72585879653797
-2.67083262289334,-3.85568888883609
-1.16771845175438,-4.50108778806168
-3.00510023032913,-0.946817951338282
2.74932202253086,-6.63431787584402
0.490446524039317,-4.53433506592921
-2.73079264966834,5.12413344956477
-3.27224118736839,-4.4112512301854
6.56125700734671,3.38831168211677
-0.960066505308315,-4.01623162147395
4.36216856102326,-2.35767206213841
6.45557730523097,-4.94048624628044
5.30346106385018,-2.29359084752365
-0.850299689453358,-1.42316015262693
-4.16592001256145,-2.82358840341602
3.53059321710806,3.74578086853077
-1.81868961844866,3.97559428393703
-0.936063033634249,-3.05040164227674
-0.486220090902094,-7.27405358026058
-2.50525474804365,2.33256778631745
2.49782706956337,-1.40871042406205
-1.44181120616443,-6.23747328890362
-0.951213164844362,1.00448438884824
3.07472218730828,-6.47121938472769
-2.60845458404588,5.27722580560345
2.09890732939593,4.52343699195353
4.17429038264962,4.53003945017168
0.42556768227613,-2.00558218059388
2.77269857400877,-2.82877834261556
2.87858290068888,-0.480126205092499
0.780476492365184,5.91522003327591
0.574939534981596,-4.08786645725282
-2.73919917614492,-4.83474454936064
3.36025725020141,5.8185916221549
-4.56834293219503,-2.48829742549462
4.79519547156387,-5.13530308070617
1.6919766273608,3.45424261371907
-1.52520528690675,4.50491678336831
-2.04376968739925,-0.659498448529295
3.04880258594629,5.19900512053348
-2.5045765757158,-4.80270697377943
-2.04304339995466,-3.22998360339377
-5.82705323558556,-3.99590014683859
-1.32560593427942,-4.42247827096348
6.09600045615798,1.81830649132005
3.1560854041162,4.46238435533448
2.40140945732208,0.411084464220887
-0.303211985611416,-5.72222925946019
7.8884109030617,4.45888307172225
-1.27596454381488,-5.63534049778275
-2.34649843080012,-2.36117352985904
5.44601770841836,-4.68339670041796
1.88572669915547,-3.02631363934631
0.122046249586847,0.32687651296311
3.24658010026538,-2.90012101674058
3.22806329747127,3.43621401989932
-1.62960685872518,0.615267905357443
3.26020572749519,4.55021126110945
-3.51244812812234,1.68592018393266
6.17526128282177,-1.54985900158075
3.56936462831079,2.91803384548964
7.36819892100877,1.47233917392707
2.5780159456028,4.32695326343173
-0.0659576865332087,-4.55941262168571
4.67892777920902,4.74583877854973
6.11684415522347,2.62405342005624
1.07225735349784,4.19650048281459
-1.66959418720464,1.77587163911684
-4.80462744299137,-2.85499684125652
3.50023052673324,2.95966319527749
0.380678855669858,-7.40108106048395
3.01081472104238,3.58097821660345
2.38910193023236,2.35874064285627
4.31987922040684,1.40227468345546
-3.06225600234875,-2.51575767434242
-4.42074134991368,-3.62952512739736
-2.4244038201626,1.89201599622371
0.179737474797663,-3.22670031649567
-0.0805376113218315,-3.00980744111796
-0.593877354107859,-6.71350671178232
1.49367525393124,-2.5568241262638
1.83126569539825,-6.18204612529558
-2.91130234148878,0.789766592200064
0.221225048961853,0.506261816870494
5.9652383502833,4.25647526474906
-5.94215430554,2.70374891918237
-2.21005623997515,2.56963712867391
5.67150351379628,-0.0137224009304237
-1.4310725301734,-5.29125103992253
1.98036496890487,-3.1132558950966
7.89189801820504,1.73724494138211
-3.35248314016016,3.15931435371939
0.951355422395784,3.89128880970069
-1.80861073408404,-1.1859840776444
3.16784187454856,1.91082969652246
1.47414336851124,3.01349908798541
1.32009067228564,4.84833783321522
2.89213086239338,4.55978669411233
-1.90274541515546,-2.84293007714896
3.99443462016553,3.99156007727396
1.52589287936893,5.14326548127701
3.06538882464986,-2.93702443758266
-3.35651785787293,-1.0940594675158
2.26859756956457,-2.16776955316938
2.63374361751269,-5.43273338338762
-0.0359360484127569,7.31891604514439
3.2043675591892,-2.01982429930729
-4.78339031676456,-4.23631429033665
-2.90201023935632,-2.81559126233055
5.46460014526872,0.815046563612829
-0.865838048407827,3.90580540039
2.23268595625874,7.65578551211777
6.28762290155858,4.33937388327798
5.70935341621308,-2.38869376871469
6.34532709167066,4.69043434323938
0.639798558672332,2.69702348154904
7.85771920777007,3.08423376854838
3.532322561949,-2.37490151982333
3.61960759563347,4.01028318274904
-0.217986079381438,-6.69113109853335
-0.195674572632892,4.18365871988509
1.10596416699879,3.9970877275677
-0.341718773028042,2.59957696973416
-1.29420803537786,-1.70787714135963
0.998113074963095,-2.22477875908783
4.29225523425384,-1.33395420879065
4.13439184467465,-1.35844267797985
-0.0740422097995328,4.64017059005958
0.48941822100312,-4.95120871419714
7.53246355631185,-0.330250100672509
3.77691057844114,-1.88116086807284
1.22967703366112,4.32064316747691
-2.40228286618222,2.2970188879198
1.67139299736798,4.995058727909
-0.0495106310361547,-0.682415861147429
0.368177489154952,4.79833211672727
-2.22966951846674,-3.83766498168884
2.43489185779742,5.76710217693824
-4.22910245756575,4.63648112055657
-4.50985971988063,-4.08433922136169
-3.75650451284256,3.6272465440229
1.22039749536174,-5.25260888526547
2.91308224494951,-5.11340388541177
1.28973466031638,-6.70883319062664
-3.00108206697112,1.84184638696752
-2.20216894306771,6.00550750089623
-0.0720973100887687,1.4027430704938
-2.0731921272629,-0.158366279815427
6.82249758834739,0.564300675168455
3.56331741119071,-4.28189082698969
4.83339348527627,1.7534875184201
3.29902313241445,2.92834069008602
-0.503722455012258,-3.943098571226
-5.12218290036921,-2.52112559703157
1.10732605056426,-1.77306978426252
-0.818149474980341,5.11418355532185
3.08137253109788,-4.88762181696041
3.16102600959366,2.28971339293856
4.97107300961408,4.81747396427388
7.34027262267852,3.98716632314044
3.59834185228884,-3.93970281882453
3.93824896468613,-4.12864198567685
-0.0147930141874142,-0.388109394768594
1.75668295462231,1.80816610318143
-1.69740732396914,-6.14755138349331
3.37175903136238,2.23564213622433
-1.70015013024601,-5.19553093346787
4.98643018593108,2.12927027460223
3.45858448503653,-3.7210889104752
1.71048055777516,-1.44141807144027
1.84903573813048,3.74688969570931
6.80337846652518,-2.30018685460062
6.47173611979593,3.14546223865378
0.169176448876047,-3.26079118746809
2.18667599659886,2.7847164423651
-2.13679226559414,0.616209142177381
0.453235806165494,-4.8146251668725
-3.29073496756288,3.43096108016053
1.72227769982404,-4.89417418311028
3.0181747558507,-4.40810915959973
0.294214055569726,1.18738725122447
-1.16946526737283,-4.43202127284124
-4.27278641501442,-3.27101600108808
5.37263515674962,-4.09674568585279
4.90518226160211,-1.37621042765161
0.228561863363286,0.518657269549485
-1.5754423662497,-1.67120589749705
-3.68955002344307,2.53463677557801
5.98937151213402,-0.680326743955899
-2.48038366642179,-4.10638109391904
-1.66987429659343,4.66777644950437
0.01273932651574,-4.5463611350647
4.81486433049059,-0.0640447688415745
2.4126093904008,3.07248695292868
-1.63616408876025,-2.63834607135649
-0.0112359600325559,1.69072931243967
2.08611975742148,-3.04343879013548
-0.607198524183694,2.82533074463207
1.81480041100635,3.14808359445208
-2.24578288833399,-2.43750359006587
2.82136386207753,-3.22069259297214
2.27655217287535,-3.97190604253526
0.725621334760319,4.50976191448449
3.22960810142555,-5.58397261704665
-4.77640009108999,-2.48775178643361
2.84107954843206,-1.76493723828895
2.17746903222079,0.240143645195769
3.27314982131318,1.40358723378033
-2.8543945333281,-5.56302266653515
0.0272644722703138,5.18907508848626
1.54882736182044,-4.03698247514912
-0.0145706579456027,-1.01204496086167
5.96842080181625,2.96781786803602
2.20962131015773,2.51627646238848
3.0498448609473,1.97835460397803
-0.629178618189027,4.47130521931261
-2.96502555201731,-4.0469381646864
-0.882423685438185,5.9212804006222
6.70879551263755,-0.279594358437719
2.15460308790812,1.77134758435508
0.280762548370787,1.56353079934006
3.87184287939164,1.81126673550115
5.88523085416034,-1.42700219388046
6.02011710014082,1.07087305230676
2.1810873303203,0.142269371676487
3.48538686786527,-5.77425993174183
3.6114122635345,3.22604938576603
0.71864589970658,6.62587319633803
0.324000535103957,-5.91485373296295
0.503761608625038,1.39117121576995
-1.9941972615552,-4.74991315154293
6.4848226663502,-0.531192802348446
-4.25324501686544,1.5443782261045
-2.74072698562242,-2.96397402779148
4.42457094874822,-0.411899997499241
4.13076660154596,-2.26916976611806
5.09988828306998,4.60206645478059
-1.69149151608835,0.728679947916608
6.07043937332244,-0.595033474167223
-1.70364386813879,0.610064579937209
3.04571515598858,-0.692309297578333
-1.39108427851651,-1.06193175313224
-1.08178114963406,0.0503218409820809
5.58516220995277,2.29239155501784
2.65855109428558,-1.9493908759471
2.02041657667437,-3.89189502965147
-0.661555830536209,-2.3380089743676
3.01795464245397,-2.00375485861226
-1.3733789618094,-0.62980713731921
8.22661137195843,-4.21559484179188
0.563910381085094,-5.49412641271957
1.81111260698605,6.0221665674622
5.78730499144365,2.85127032093762
4.53612958313004,-3.52580805468791
0.103308412345576,5.00733382040673
2.28795025969133,2.85135837720262
-2.19921383181461,0.833241179209991
6.20122236926814,0.991960797039633
-6.27045025679416,-3.06188037261352
5.35646261663525,-5.08491216033405
5.43871075912537,1.11953851255866
3.88453804019613,-1.92897326319653
-5.11309481634798,2.92699238984697
0.301015113701156,-1.91734877778321
-0.947462745302789,1.57149334323582
0.532282706857406,6.83194598511314
2.20227307259332,6.39236728074945
3.42832958727116,-1.45149863975315
-2.06528393598022,-3.50119827262106
6.3700192446113,5.2821670900879
3.80604749933842,2.63783908757347
-2.0036734342656,-1.95453613948215
-0.0740268768743571,5.10502428880659
-1.47084970506491,3.4184160312832
-4.39072976980505,5.05118640395409
1.16729789527842,-1.76718441401068
1.55121231428515,3.68470453868218
6.4469810100989,-2.56367596812746
-2.14708505701926,-5.40016050328844
-1.7497467209758,-5.74763998183113
-0.636943712971144,2.89121825775583
2.67646981161022,-2.9666777347743
-1.74637161747381,-2.19643976068756
2.72569005290013,-1.02466707918267
1.24689234083995,1.83768543759202
4.86826040436924,-1.88422893595504
-0.627724149962404,-3.10000792782319
2.82988367465902,-0.83620934135799
-1.5022410904016,0.329252352605282
-6.25330569001515,3.88809378001247
-1.05185891938305,-4.02144362462732
-0.170458113994158,6.84843394783852
4.57330839631235,-3.11068544130046
3.65614935592662,-1.0168614172497
-0.724412535540424,1.35629823254597
3.84749277074005,1.67649954588272
3.48754722386654,1.62663834847613
2.40286522778139,4.67549458762999
4.57786942672622,-0.534630583974573
2.08129383540752,3.12858927023862
2.65365915813158,4.08827903115334
3.32496576423811,3.64211296733574
-2.33528181709575,1.46173162461298
-3.5156190350393,0.643234048829288
3.38953627701253,2.09464621966471
1.61496195227766,5.78182532303021
7.78516019788443,0.535497489913092
1.43008675471064,7.14695302513122
-0.816554518890191,-6.05365914439554
-0.959348320110773,-2.50190522995317
-4.22736958256874,-1.77113520308802
-3.52663372293573,-2.57472407630904
-5.7875588048766,-0.922712881704509
5.62112077697584,-1.4139093903827
1.75185802642939,-4.4313937657523
-2.61908220900216,-3.6826901020531
-2.99334402887725,3.73507748286346
-1.96193109136256,3.57902308284913
2.95019986599958,-4.60065013699204
0.764152650371157,5.64502472630282
0.278492271435026,-0.180815158979036
-3.91019309374047,3.88786529502741
2.20091318307702,0.947355906884529
-0.74977769549612,4.20289669050998
-2.42831405508928,-5.63831117171438
5.94299656101418,1.49025319533612
-0.456809867865105,1.1567337439467
-3.87436904589544,5.22227660635987
3.72011456791613,0.50142270166972
5.93484577088322,2.62221071822863
2.55470475761982,0.401307802801594
0.449685008442487,-4.31903634066607
0.200265131400046,-3.50468557838185
4.67555544816807,-1.0772038590576
-1.61259175612398,-2.31162760695402
2.22659018223306,6.86195676786233
3.22109591448202,1.42336150012655
3.36400976337381,-5.23841642863525
-0.232600727934875,-5.06180349459784
-2.68659978380875,-3.21461803953955
1.47127038123768,-1.54511075381537
-2.7134524127613,1.72402245150864
-3.02523544798057,-5.17999249587157
-1.33440895332613,1.57809606122024
6.16267466879751,-3.27432306824908
2.30574164897497,2.65309130955074
8.13075899516913,-2.84665311706581
-0.0945963981324084,1.87230509524895
-3.74979347891413,2.52834762215635
5.41541396644307,-2.60893878075508
4.0853630931766,2.98116116960246
-3.21691212359497,-3.90004827041774
5.67064167753713,-3.3302896321088
2.11171196411086,-0.421351649439206
4.40667803875748,0.841240246391194
-3.01807536359233,-5.23492356086255
-0.626397493000013,-2.36144108755839
-0.944115199829872,2.49501693634994
6.23084492101816,-5.01185998368071
4.84604188191963,-2.85696094315153
6.16722344504355,-1.86804533829951
-0.824704015411574,-3.8387748998963
0.400954111772503,2.92071826203528
7.29751939395824,-3.03714952208846
2.85255325454298,0.0916021013625332
5.76491024040096,4.23384441241793
1.878917623651,5.85649218217144
4.36713202107944,-2.23334546243628
2.33309145215883,5.75847050327154
1.51672182757257,-2.63771750796215
1.05665525692261,-5.45387986116396
1.20312184605,4.89285253969996
5.18489327151479,2.20999014774786
6.57314671222653,3.31676140101099
4.95658338936705,-2.84957042154304
-1.07344132430318,4.1790710744321
-0.867082696581465,-4.03616810889349
4.5489668935156,0.455439122772187
-1.60383638901204,-4.91634758152264
0.884949899263219,-2.45719683106732
-2.44240705811281,4.78664814156059
2.29798951977869,-2.03450161421384
6.8797195106499,-1.04094326166885
2.10239674112477,0.220601948967011
-3.29508704801366,4.61434914409139
-0.829663137056986,-2.4962461974549
0.617309328314707,4.35359521566712
4.31363841317724,-0.834584904110215
4.00673121015888,-4.08108514471179
3.14850660501555,-4.81891754571076
5.11296733314341,1.47208446041133
1.02724772961341,4.49057176582549
0.142188628868989,5.33351288891539
4.86797606262582,-1.92268904823711
3.01960120660994,-4.81392250781155
0.853527662568336,5.14757653512616
2.43201123589265,1.77944191399629
2.62771353633989,3.05210081568373
2.6871246596784,1.06470241475727
7.82406105737625,-1.40654241863361
4.53675748667925,5.08704321991424
5.05169126532504,1.36826184561523
-0.108996534448996,2.2001691448301
-1.05154216259108,-1.07912702871726
-1.49962603342417,2.79038591046537
1.468927853458,1.59770826567102
6.17351810437525,3.52154230507298
3.60841659029745,4.73777172193063
4.12935963661452,1.42795858007026
-4.46306961350086,-0.970073398614877
0.71808750466129,-3.82090434420495
0.990967163660455,4.45377295199967
4.34862849752173,-3.68517549154586
5.59050746750134,-5.14839636922493
3.234803347848,-0.212755722326164
0.498494754318797,-1.41465996698981
-5.68349576940392,3.84987007510637
0.890990399856551,-2.89572754386074
1.84303364794756,3.53010270105887
2.323077393917,1.79324079264988
1.65612201898063,6.62544775401348
-4.28615417567832,-5.38495307460421
4.4623201449604,-3.35172353868456
2.51556815008533,3.37360382709773
-2.1700622330648,-1.97490358208384
0.0962406464720155,-4.64767306698165
4.01891638409564,5.53588547645388
3.82061263347832,5.0227172790935
-0.286679232022933,-4.05528534666821
6.20820130716328,4.28461575382092
3.41672958251,6.17577659357311
0.928918333706233,0.134858167618466
4.46085752294721,-0.567282139201574
3.41129240894211,-5.76973676549568
-0.751084767436065,-0.0579827435548628
4.80678302768591,-3.13394532628027
-1.67766799855415,-4.14728476864993
-0.834320243326221,4.9973485106269
2.62972457172442,2.06311677535246
5.87070713045731,-0.56127591970121
-2.6652014634122,-0.416621828633754
3.71277597976443,2.25797384231583
-0.225836848321992,-0.33709025506793
3.7009054674893,-3.84309472067367
-1.14875925384795,1.23690030807696
4.93130462704437,-0.157361490027426
2.37665720726316,-4.19490403090878
2.87556579312504,5.73867509831101
4.15120988772314,-0.61040351005527
0.477819782416474,-2.06490251907466
0.279160784899065,-3.75330272835574
4.23342113893995,2.89461759059332
2.27317418938013,0.0928631882478997
1.12667442937776,-2.23249687116561
3.70153860926675,-0.179575159414426
-0.967903337220419,4.6575699436248
2.40118791942035,-3.58185375460685
1.1860570582379,2.58338861996945
-1.31121048586506,0.360486295363331
-2.28202517641179,-2.65468965604326
-4.3410972751111,-0.683064144201061
3.88234632308739,3.47442509747944
1.49764450753617,-4.07324183773265
2.66246742221434,-4.26834925793194
1.5847753690001,-0.207953929627834
-1.19710451164197,3.48341638340978
-0.737789519738358,-0.423738968407881
-0.653591070596993,4.11437813583963
4.95219278687085,1.58113536373805
-1.60861823673315,-4.39981192236018
3.48721769530663,-5.04196002188972
-3.28470585220581,1.67754061835831
3.90123582636976,4.80055359928017
-5.170490487048,4.50759626704959
7.35344023760143,-3.8509397050061
6.06118916120844,-2.19611286240428
7.24454011741957,4.17670219780407
2.80855900015213,-2.32610744675501
-5.89889323539749,-2.75461858951253
3.72856887438483,3.55098621673771
3.93199132546881,5.55145002983956
4.74014627159625,-0.00301048277466033
-3.15698927752307,-3.32762625417866
3.08723172076725,-3.04820847597828
-0.990218786082674,2.51627588283204
-1.794721010356,3.16899565769038
4.75843547713082,2.12800757334011
-4.20991780297098,-3.62235402255584
-3.40069385814643,4.30184070611527
4.67199793514403,3.77914173789341
2.03342728151377,-4.87417500270973
2.88503094399822,-3.25888398678417
3.57981615627515,0.820823267521133
4.64670747129018,2.89877167955916
-3.70047349117957,-1.20330151142845
2.73627972115967,4.37741563395392
2.54867216228704,-1.06586374129527
2.08820052780147,2.76214908979124
3.32199699915379,3.76119476095943
-1.07571805355401,-1.7688346008179
3.08135568575464,0.277737468345816
5.56617131969454,1.8991656160415
2.79836612670903,4.92959113421919
-0.0613881151287163,5.86958998872706
5.35556900963326,0.773927029022031
0.656213032064798,-5.38776430410793
-3.01992203647015,3.16462380253517
1.7748519813878,-5.71415909329954
2.3979288441621,3.50151531515766
6.15436985049174,2.0604374896428
-0.956588510650614,3.36045861136346
-3.46421792973643,4.18110309116629
0.80930848375628,-0.862246216679009
-1.67302747064333,-4.68339295316311
-0.876851810110828,-3.87019146645017
6.12359406202716,-4.09590447258507
-2.36711732247551,-3.82656560704744
-2.93315326926213,2.8767853105299
0.01006577179582,3.40975452027846
2.16712435718153,1.36065095860402
-3.94790944969516,-3.80447260912144
3.71803077668173,-2.74810860942582
0.0675389864026336,1.72338788937873
6.98832231484073,0.104797251809092
1.87868509667359,-5.50141400529296
-1.73094537836241,2.19009240499819
4.62371357182059,-2.1355175515623
-0.833099436402053,0.978834965407616
0.777278724938417,0.72208378962711
1.60210099043397,-0.782022650232605
0.0889241550286947,0.503873795457634
0.500132055957805,0.301683756516017
1.94143466301788,-5.09305135095393
0.909797977822862,1.05389195782763
8.19714001161799,-0.744237824417786
5.01046256479105,-4.48123223621403
2.03091252722939,-0.729755447518249
-5.60441344386289,-2.01097783359193
-0.994378048728282,-0.966695474212413
-0.261353884177199,-2.71241937526555
4.74347165854966,-4.18358948837983
3.54819826884351,-4.91635231157721
0.199132239487618,-0.175391683193978
-0.235961846782891,-4.78977577518434
0.0156370816419741,-3.72520283158884
-3.835584313742,4.15603751364235
-1.19679539046251,-0.873071830083979
-2.37043372432126,-3.11344295922535
-3.36185687830848,-0.305353885828032
-1.56835058111468,3.50418076661942
-1.51007079047609,-1.33870801499042
-2.57175316545513,-0.206621556221388
1.47529811732585,-2.30238545715881
-1.62088836428152,-3.53663356793345
0.746094296884014,5.53962822974423
2.36997273053234,0.58800083522268
-1.54656961582986,3.09304621742786
3.44203907796476,-6.4646471571635
3.8665664599141,-5.10274311250721
-0.00831142082837454,-3.47514745297338
1.75436655546886,5.04053673343387
6.61653217972023,-2.93160623013117
-2.7977865983349,2.37848609221665
4.21218039037559,2.90186630205238
-4.71180556584803,-3.48863051210725
-2.05803173812851,5.08872042247933
2.11506822210066,2.21227742712015
-3.30860846601831,2.61397319503425
-1.58182339674838,4.31151138257916
4.25854441244981,1.04279009026241
2.48123105611431,0.0348601182770905
3.10082215048556,1.38695605120351
-0.677434630491771,4.9635734866289
4.5499072217197,1.91758285749376
-5.05037682903365,3.85217841778216
5.33341227900345,-3.05882442822976
0.196077713586389,-6.54437411767948
-1.99249944810347,1.63158685922141
1.35695140321444,5.25165125393189
3.20516631431043,-3.65924052385193
1.11900781835548,-5.29502340496424
2.310716993702,1.34050321446727
5.75156425960854,-2.106255905446
-1.47682580061079,-4.67516195716545
0.35363344046865,2.82368010144043
4.46880913800421,1.17207194338178
4.78606502833026,0.81722786326451
-1.83821353028034,-4.30732173111902
-5.27132343926882,-1.47909269757048
-1.13329854029614,1.5981155096379
-0.694220148451664,-6.24860365030044
-0.896595296846157,2.14038440572509
3.62727262425717,-1.96669196988407
2.74710000411778,1.55689961285992
1.95141624202463,5.64924542455548
5.8535722375094,4.0137909687809
1.61072172306638,-0.429662384204992
-5.36621548740067,-4.38450685938865
1.78821370764013,0.576890284135854
-2.27919838904129,1.6580064211779
0.465395026608238,-1.90509566718478
0.470747044153187,1.80911214775839
1.70447146202671,2.49622509196094
-0.831983966728236,-5.37037364182072
7.05658735913716,-0.627096045710215
2.30649265537286,-0.8481566639728
3.53394822973409,-1.46325792046109
2.68517227496767,-1.76926689839238
3.52391663465932,3.66360996574983
-0.442415720754008,-4.92718295129155
-1.71634142827052,0.559436142847316
-1.7562376666408,-0.685264364616355
-0.175780442614079,-4.67905471798777
-4.25674369630895,1.39248874506155
-0.391708697344295,-0.825861998180941
1.85115126080269,4.4117418390846
4.99287313607711,-5.23215750380035
-3.14662958211695,2.04849912536231
1.5919262354893,-3.78789549445724
-1.23658937146689,5.04856885496101
-0.848175409029639,2.20281884715995
1.88674890407095,-0.133884975590435
-2.96854045388617,-2.09077827979857
1.93506671043447,3.45534670912055
6.78318830067158,2.24910210357304
-2.15249015326459,0.801455958708913
1.24616300645737,-3.57260027043166
-0.740375511512781,0.526032673433222
7.10203805271175,-2.60918600473996
-0.380547084774874,5.62992779677773
-2.7051138610018,1.9653142422228
-0.736100767026817,-4.23291584405678
1.56962963945823,5.05095562072435
3.73437983053428,-4.20386897695696
-3.8017668594836,5.02740951049806
0.202175540718743,5.5637839306418
-3.42080938292983,1.98929768757145
4.01941953303541,4.45558924963914
6.49786985916202,1.7842215978359
6.82588297979531,-0.460621386563537
2.04001196776295,1.25908447260248
-3.89205705579743,3.39273646803617
0.941959880160873,1.73903140588009
3.61337621628944,-1.15075738677584
5.17645930039153,2.04776361131997
0.451614853188022,-1.11190936349651
5.11640077663191,-2.92454736640127
-2.13127260150963,4.71962981702102
6.79849205682267,-4.55612728431855
0.925283811983645,3.26635656684452
-1.85167262437595,4.87749108982093
0.537700882805797,-1.15411443854111
-4.67915628877534,-3.34484650369619
-3.04492738920419,2.85321845566812
5.17344231933999,-3.71110505396929
-1.51115875220513,4.77380398455433
-2.82557821529164,-4.06859630840306
6.16601006918699,-0.117456185955233
-2.15538188825097,-1.12622723646298
1.12249636807771,3.85850527658471
4.39215633425754,4.1480680719066
0.755469821160859,1.95404584036494
2.36599049225465,6.47313134361285
-0.606107009016186,2.42242653351516
-1.31802030948374,1.01614959965012
-3.59306481355148,-1.7618624713344
3.94353657069327,3.20178684638084
-0.934364320460403,-5.40767718706184
6.96946978809205,0.212390934837929
0.840681613103919,-4.74546092421464
-2.71410916312263,-3.73845668281094
-4.66009610265958,0.729370436130846
0.0930035649473716,4.09687381099798
-1.42831409977606,2.28437376945234
-1.35189763696593,-1.61117192698711
7.21939567906683,-2.83237529337363
0.123193393992644,-6.86663580941322
-1.67665874579109,4.1111946707964
0.699305783622378,0.0521746566566379
7.10109758452522,-3.86732674794352
3.39049811397043,-1.74860577077487
-0.90978560106945,0.801930634307736
-2.32748261538169,2.53804819892148
4.26478703359712,-1.96248913395595
-5.22892530271319,1.58204308642025
6.78852494941527,4.378324787392
-0.904424509795116,-6.33301720848433
0.270824774379963,-3.25640349859984
5.16947838981782,4.24885074397133
0.332223809410412,-4.25797401263638
3.59043882238151,-4.48677204997916
1.08745197183969,-4.88988958904069
0.123588270417349,-2.84137219715222
3.80241712518234,-5.59762436514154
4.79732187498727,-4.50926166833339
-2.69329626128142,-4.10292995725499
1.83805925071079,6.59423940849577
-5.22259767762155,-4.37285686755689
0.862357933863598,-3.04016889423753
-3.91404227258946,4.63375278307615
-2.89723683989354,-4.64633269846838
-2.7957166807543,4.6412053243843
-0.833963022655656,-3.28215810406789
2.90333067293286,2.6865902627694
5.1192451917038,-0.526554324021054
-1.15226854960581,-1.83627989209937
-2.97881788169318,2.90651134123175
3.32773219030155,-0.621722433524246
-1.77405385506544,4.77114781588033
2.29328778923496,-0.11217421572987
-2.12918415689708,-5.57013574363342
3.49894143295485,-0.203912916817523
-1.22407678477505,-1.51897888206161
2.45996276251618,0.971973489754085
1.3561860386781,5.34348878254077
-1.55214176364389,4.82075206914597
2.31129104337981,1.28098131190943
-1.2466128576973,4.51175155417855
-6.27987307834232,4.56608740382541
0.226316598592372,-0.264762461604457
1.35316637045094,-1.28882809429878
-3.04760617548726,2.34434595082216
-1.9749140620944,4.22753573937429
0.479229646963751,-2.80186215695339
5.70235578356212,-3.84781331378346
4.10199837304618,-0.979589645630841
