0.824655014529826
0.861957305446071
1.25120222139461
1.01826694461561
1.95287424283541
0.739662273285755
0.775490905890466
0.919436728006433
0.80321887365517
0.843188329871055
1.28148093305623
1.21947933104515
1.21593644244683
1.46586601849631
1.07287502429444
0.776099666000061
0.958465348744848
0.889723691792696
0.965056968945046
0.676531151332908
0.828859338069007
1.13870673664344
0.804022621454401
0.475261471755712
0.785038763468196
1.16189691201512
0.874215972601869
1.12894366270623
0.221301444470043
1.13594590996526
0.117450223587826
1.51164560492696
1.06400576385167
0.974104352679945
0.897200391340956
1.31137995582877
0.986946365350307
1.25177841599771
1.21786446588002
0.857316763296129
1.13867809754554
1.19686571483829
0.602210040695987
0.599172791162043
1.10475599111105
1.23187846319868
1.44131691356614
1.0452719304728
0.963521135692487
0.308496526258994
0.855334873456087
1.23461394668238
1.12723811539061
1.24275658862881
1.87344229731076
1.25965178969922
1.15020037298759
0.824964661497521
0.652764204759005
0.426315614530729
1.15289511931498
0.705717437643607
1.85998727409899
1.22984492571845
1.00731666547508
0.599238398655772
1.1612221249298
1.50915023730619
0.664637243355751
0.962611916578858
1.00661599910403
1.47300602685442
1.16397218060346
1.09356207588085
0.87539800446824
1.33875677958785
0.854538476712239
1.07985146661536
1.64230748844076
0.943083221300462
0.808711344584325
1.01664449982171
0.978273872061619
1.42395887306557
0.96169041580768
0.809621296890613
0.891087026894108
0.820551743901036
0.213208434119122
0.772984428421607
1.28603291587865
0.655946201360037
1.00565644220646
1.10003565672728
0.979469448578399
0.818813507193197
1.03158396601113
1.11083865657085
0.560898327992725
0.0889018951755276
0.454189236420109
0.863818790820781
1.09056571743512
1.28550018272039
1.39353070124473
1.30853532587445
0.151100769998072
0.856940459807926
0.8941076175058
1.54498271888604
1.20368721881674
1.07596949638185
1.52205451466608
0.968221926285255
0.518810459623921
0.921904659399237
1.46111674682618
0.803221406692491
0.681178299113253
0.515162154649869
1.35784336238361
1.81220258102584
0.144408964700621
0.784223047440884
1.20418342708139
0.782171912772406
1.20402461644722
1.25786436432495
0.916905036245559
1.17110055153962
0.817249761428769
0.194080869383344
1.05038923230368
-0.0495456367483018
1.13004003149361
1.19644690257127
0.880491080431564
1.07622096592777
1.12089048226884
0.867752833106379
0.937623570934009
0.607215677959357
1.22026512858624
0.289263577366917
0.584450229086184
1.03796804492886
1.3233616157352
0.542560077331215
1.28156262814858
0.984570215956308
1.06160022572085
0.651082412165211
0.98155175219006
1.11804170710221
0.570901070867929
0.704021747130948
0.956004375832876
1.64441061600893
0.816665935923022
0.80410509356603
1.46771723186273
1.15959695631093
0.652620072611123
0.888182784522323
1.16269395906956
0.827042474081997
0.544344373995637
1.15614200316829
0.750184531687589
1.62945690455514
0.957235734096196
0.711196949852272
1.82006097187657
1.21326254846679
0.932089962311674
1.14415422368544
1.61019737991509
0.166266576917845
0.971846845752878
0.877493372407164
1.06792639592404
1.16904733495834
0.440375401726095
0.761282470838857
0.801569584780519
1.28476030440519
0.338990897727068
1.39973819912057
1.20483589215098
0.663990750459816
1.53273081882534
0.367710956330626
0.947972392173144
0.85093364700909
1.80585848170801
1.16428000632913
0.816189183011393
0.54783272637194
0.376413404326185
0.58830852001112
1.83655339121173
1.11422690583987
0.630936739617796
0.725501744758428
1.05010048602748
1.46740603635141
1.85028944026198
1.171249161096
1.49707810900106
0.87597610171544
1.13762927662603
0.552223947989395
0.355655252601551
0.681619161492678
1.10268823677648
1.09419450831285
1.09005731522962
1.03591303689251
1.08962694779374
0.960463703813267
0.998733811189861
0.435840273417268
1.36920208137203
1.07003033726664
1.08613167392668
0.480494606369152
0.573423672828632
1.09774711575811
1.26448500655831
0.579951202050619
0.874295912548359
0.343513207486389
1.35732799073688
0.960211892972644
0.656803561139834
0.788311565945652
1.37562865110145
1.35968623758053
0.932422674103644
1.05287613306229
0.789958512869967
1.45161782969376
0.961174565051593
0.398638203922432
0.605482136526774
0.962036358011187
1.13311225283475
1.8187918352133
1.25721323263699
1.0788462171129
0.305405765586988
1.10137499202094
1.19608791262227
1.20907138542444
0.972426206446178
1.092133827575
1.25652355387374
1.53457453469155
0.233505996424086
1.71668130306612
1.31834459085343
0.459046974880869
1.68189247943513
1.13926464059802
1.08060163954884
1.33063276991557
1.0340299034004
1.66785282879448
1.20524831936621
1.44038992877878
1.64206501731522
0.693860249412345
0.215192440742516
1.0434931451456
0.85484127162252
1.28811553465289
0.714770563650325
1.19748251528768
1.03274058138201
1.39422639337621
1.08049875948109
0.861492243030243
1.15542296465697
0.991842067307851
0.838401812584964
1.06500453284137
1.67578128624576
1.25690232973279
1.00125384129244
0.973218330797364
1.51705930472131
1.44823451534765
0.967345748296636
1.33934324049665
1.4199973834837
0.879712347340996
0.676382557719205
2.09232138644378
0.97973579280247
1.15489249329535
0.923568325723128
0.223797164346827
0.564337442867083
1.73212027516336
0.814600522669966
0.683075021595657
0.729381796594985
0.908115688505151
1.67824211210592
1.14739329975291
0.933992717181757
0.69446031088143
0.7853466565162
0.720152026785193
0.812497527972245
0.903321881252298
1.27874817667608
0.714149687038123
0.65442323473115
1.86581567021461
1.57136584580283
0.648769505733202
1.09223176342266
0.680738689313938
1.31185744769129
1.05004930734061
1.27566645804725
1.07585613637157
1.39463634192072
0.718803148686133
0.859499939745804
0.788440963391241
0.676156554036374
0.298052597344897
-0.27695330625658
0.994245730973744
1.29274628675415
0.94768622659816
0.619134821753262
1.30111328617101
0.717123860392337
1.07491592043642
1.45253566607927
1.14902482286463
0.86444778716533
1.78464077286262
1.49853412567991
1.2767964030341
0.930766135195697
0.719615082988273
0.317150553972892
0.561692155888009
1.39827506806325
1.07144894646858
1.92026689307844
1.22696976843132
0.995415348500724
0.900058242308679
1.02735343326217
1.83626388489889
1.36732763098809
0.761566313713954
0.950013092777092
1.10358124544766
1.25906796947641
1.09893631840447
0.741248934808682
0.851188036815083
0.777771376076235
1.22649778939836
1.48276256544956
1.20689790601513
0.832253956048687
1.1274840663827
0.23784503508161
1.07557959357685
0.66003472574932
1.31500981264185
1.55475907063113
1.21488008110178
1.2121063498619
0.800371638102365
0.792408585720394
0.406377848711271
0.829095975071653
1.58479981334116
0.812700772594762
0.971293579128683
1.64392877013647
0.509419143276138
1.15574718518979
0.987059634502993
1.05013857372518
1.51736444951048
1.33591111055112
1.10058835171651
1.0393713321935
0.954694466960166
1.14971454639906
1.60411927983306
0.965878233346657
1.73643192839314
0.989464775551275
0.814493285406924
0.712371505579683
0.719503496929948
0.535115643906398
0.384117025283886
0.324973415105685
0.98220940874601
0.924467274091282
1.12534634349832
1.05215229452616
1.03029464911265
1.18453938511906
0.966579853412548
0.521025664975712
1.40126299483399
0.272084479294769
0.97202026057615
1.15304473280527
0.884516327629318
0.979630452386008
1.15276550572882
0.381549328200244
0.653689944397483
1.09479970229709
1.16137071351234
1.01448186916433
1.16575754183766
0.758561033433814
0.822399192986981
1.6323561607255
1.09348220791036
1.03559113131262
0.992080623565709
0.75011877074367
0.64082226609747
0.324385711177375
1.13788844798343
1.6000213615466
1.21824158924507
1.06533842535804
0.287358538849181
1.4828262305888
0.839754140820335
1.69281142027861
0.948169718725088
1.04031526952031
1.91547607849694
1.28049704312763
0.918341730121383
1.44779259412123
1.15035170824728
0.749502581626341
1.12843192418207
1.2937974787673
0.888862511659836
1.14622452294048
1.01047232552574
0.909828236156751
1.11700499231908
1.3267528888409
1.94050681147609
1.0198297106323
1.36441812081961
1.52640893444905
1.21891192550994
1.23564756961521
0.905143447051683
1.09325437643645
1.50115310060454
0.713397098585185
0.972114919362558
1.86457688939808
1.08535148148651
0.84525999579605
0.361173588165257
0.613007741748859
1.14338274610305
1.25520851471517
0.760346746860001
1.30318036545854
1.17749010440565
0.886857994407532
0.960136453685723
1.1753547558189
0.731239439259196
0.704330303810168
1.19465428296255
1.16392471108257
0.957546387811564
1.08231462241618
1.5882616303554
0.83457914729733
0.897219254697986
1.09736286053314
0.905758273514149
0.641258214354232
1.27729648666861
0.726625240725577
1.07115178173581
1.05700416713052
1.35134900035725
0.767152007247278
0.668861427253593
1.65894171915042
1.10918956403098
1.75989789812273
0.790016833230105
0.742436046340294
1.11068093929702
1.30472032703177
1.00220373961564
1.61118251467903
1.69370438767291
0.0664541190635759
1.04960389173373
0.701316845211376
0.307168268928283
0.839080727419883
1.16169237404799
0.95625919959222
1.58183617280482
0.866459907388261
0.834378156173545
1.48145737092382
0.78954833384442
1.04275459990505
0.996329284031482
1.09890436108979
1.09740277972878
1.85413558862231
1.34732116216474
0.815126487088686
0.912961907507289
2.06285319117361
1.18391500126981
1.49210890929173
0.8528966007491
0.588902850819893
2.13099470866478
0.39445886842807
0.578356516943974
0.96239336910863
0.980038981613167
1.0746374925701
0.892856246809975
1.04447668143282
0.910498498788421
1.01841162882874
0.960039159140915
0.996783346243756
1.28198826631341
0.920540310118742
1.15751505970185
0.556978807343187
0.869656215547462
1.82754297326327
0.694178634495332
0.820140486439804
0.999083038312618
1.24853469677134
1.26804930709765
1.20976662175751
0.985996428836605
0.646174464622226
0.461866701162671
0.573406601554938
1.15689675347104
0.960553758608052
1.34063512987516
1.12529894009943
0.737613373466681
0.557960989525551
0.830161117637334
1.68788433338492
0.651561228317249
1.54851375171268
1.04589832182054
1.00246939108168
0.235543741789571
0.522820426856334
0.973331380134172
1.11959491092235
1.03208660040719
0.874218146032311
0.945404467501372
0.762288457005642
1.33090235987541
1.41971250881654
0.958746608134176
0.837212572701642
0.446446809753359
1.03816264158589
1.25107480768336
1.72684058335821
1.11273561680924
0.737935670327238
0.992043218659223
1.00387601494206
0.858654700183447
0.902817536665939
1.10130221014428
1.07158336376797
1.18773527058624
1.03097554366453
1.70361165371344
0.974478002383138
0.986901741269595
0.540531494367885
0.731127325709854
0.873284908967046
0.348807226050156
1.10493288365937
1.59005917579287
0.387802947700459
0.978133112227515
0.949260301580916
0.766350718732328
1.30940387539462
1.01710591342165
0.760090984439615
0.980108801132591
0.458381377893452
1.01199877381715
1.13400094104004
0.0863465856072601
0.977675111852012
1.02221462358629
1.54453088698328
1.10584812928034
1.38177668850413
0.275719895291965
1.19156709619001
0.703558074146066
1.12782429969626
1.24715293429969
1.60171300695493
0.839962520428282
0.934716697175665
1.78203467753624
0.923026804556588
1.11123293284372
0.637699059838155
1.58766625671097
0.663327961778104
0.873488830440356
1.02053005870723
0.98240278073057
1.35095527987864
1.48047154582522
0.45795899985269
0.782000001748236
1.10727006967246
0.811821594759784
0.646894665543084
1.50418575668398
1.28493164381371
0.182837200268465
1.03360847648028
0.892447557959462
1.83572557516099
0.80906271366506
0.867738182455221
0.679993522202411
0.72457089003454
0.855489817689492
1.35370592098641
0.66385971603546
1.0069363745626
0.0241673708332406
1.51332650429622
1.2038955334948
1.40341897046395
0.868865493483794
1.5498561166251
0.834531973126489
1.34546308802029
0.998858698233823
1.76260537010247
1.38346056508982
0.916221295178539
0.796354284054912
1.23502547402932
1.50547544739126
1.20697276928808
1.18562882784415
1.25235042340749
1.8740620672878
1.47582735532058
1.78287561532273
0.832449251299746
0.272476938633128
1.05654632577667
1.39251139402888
0.386671949231046
0.980508726485848
0.853366970203884
1.24172213446464
1.81984883783413
1.13471645140024
0.821435215222214
1.19829201500287
0.709071033458657
0.789011916187736
1.14086876884413
1.05028432054843
1.165522713069
0.684260847459193
0.940446717324352
1.07345188238339
0.635509914722238
1.45931409958045
1.10642880977647
1.14019991268712
1.43271514365021
0.857958166935113
0.343476302319498
0.63457132034634
1.36313546230526
1.07638347415157
1.1727023020377
1.06696883081727
0.992604362862625
0.922298597716245
0.812142215122175
0.690977679849417
0.808655001667855
0.759779413017619
1.01873153512874
1.08443534107465
0.918284669613597
1.19785562414359
1.57206467022711
1.1183755309708
1.27885246521034
0.213218099955568
0.706043178454363
0.919036087613508
1.01043488412753
1.19118108323891
1.16222407115088
1.15982485271992
0.987606856949175
1.04781804971125
1.56288207690131
1.2056300251899
0.983381520598854
1.11953948460208
0.977468036466046
1.17814162629745
1.2311030804573
0.99174132170782
1.80353147308812
0.868489420127296
1.59583750248873
1.49705774632145
0.23343636322672
0.525373557807243
0.625676625395233
1.53744427712091
1.09197669291236
0.94505717694769
0.128303160386412
1.24657598867074
1.22757968188036
0.841941397161259
1.22453908128126
1.8105999015102
1.20108305409048
0.990294520818809
0.756264718937944
-0.0349273204314963
1.02572990367392
0.953319024950961
1.70225170498298
0.956406021260522
0.38081873139402
1.03548774690218
1.04106999400167
1.47123163188202
0.809769522030757
0.912452539589289
0.724219417239064
0.667045101989826
1.05341494073102
1.02515292209109
0.9608457851772
1.19714900028278
1.34173271264357
1.03428972705567
0.70024286093906
1.03372488179782
0.618849142971577
1.51112264323651
1.75130689967776
0.921742634325875
0.1518390992936
0.362262988077529
1.61347035743668
0.936799904510241
0.741462281351482
0.723201531474764
0.999622095747449
1.57061054060194
1.30655852621536
1.35295765619232
0.344799977475561
1.08048679456564
0.818633090163522
0.945783654797603
1.23571663867764
1.12893266016948
0.608845373317387
1.38540486242153
1.79972582873747
0.744940040355525
0.743856279531859
1.32258367114164
1.38611275007476
1.01535670567045
1.05767469279215
0.868960025206437
0.209738550503754
0.629889613968805
1.35730282869156
0.763572845412053
1.75424203326828
0.929445981255882
1.14847380084756
1.24280854449822
1.07844439731304
0.932948251586385
0.998429486539456
0.671073279392323
1.12683073619209
0.813103366496455
0.533805388518416
1.09819231811449
1.11546362617788
1.25394393677621
1.31344906401943
1.13916035475998
1.06256436720341
1.46231022524475
0.926265311803348
1.03429042742373
1.08150783196823
1.87436397636053
0.671149175617377
1.16605512908629
1.03455167815651
1.13596774980436
0.514665352199035
1.12972491414709
1.61329979047012
1.16494385851655
0.444894205673919
1.26928432202556
1.28321227986421
0.797295415564818
1.35735107955761
1.14626514632701
1.01564406398556
1.22494623720749
0.884118353061071
1.09447647262681
0.144373529657238
1.09720591913795
0.74929698322674
1.31499950307971
1.10606783212262
1.13244771420121
1.04794778617362
0.777864561214318
1.02429227492404
1.82139780320084
1.31604458998197
1.29934871128065
0.99377210449068
0.510481301204167
1.19013560117173
1.10578961860511
0.968963419395248
1.0766073683747
1.1435917678687
0.801565743445694
1.19236005785513
0.885514741663739
0.407088386382843
0.657892515560233
1.15333788110649
1.09116106051825
0.816767591787094
1.01056522605439
1.23195341258705
0.970287849175571
1.23928180760161
1.29468920761324
0.0750682429691918
1.00165349140623
1.68071129734753
0.698417987584733
1.70427206921786
1.51701128388777
1.01070423712712
1.77937944733943
1.20875966213896
1.16101904962491
1.30052283710248
0.762067351647481
1.32388959609964
1.49693574460838
1.00056669845729
0.964755346774831
1.47318420985995
0.318992127466828
0.773040459239357
1.17912945587148
1.03468420520954
1.04636650475087
1.05661378369089
1.1811624032257
0.454863915181254
0.649698899354994
0.730367741217659
1.28636615584051
1.41016933485975
1.15937210895178
1.62547331779462
0.894181455049242
0.758826376601013
0.981191142810488
0.86824397315129
0.991081160158294
0.753211247510527
0.948139609986768
0.356165674211549
0.772699843293209
1.12289652179344
1.02462832046931
1.42325365972227
0.861596306651245
1.41790946205398
1.1132446285174
1.78293865343081
1.77884548748802
0.913250757708204
1.07674065078067
0.838071667521718
1.09767888243194
2.04523884922458
1.57713388319478
1.04942711687861
1.88792233303272
1.21937528816333
0.523970129249324
0.864008209140964
1.9664528386506
0.798181670567464
0.981685744942046
1.00439236269732
1.25961963949289
1.30381450243931
0.686939171491595
0.91010278517593
1.2818629056392
0.878947840346591
1.88933802023289
0.917864724511256
0.797165530303249
0.830636932861791
0.579567716088203
0.764599135170095
0.785765883469604
1.1137995529741
1.47389371113832
1.06469739264524
1.26682371709244
0.972040893493649
1.14254067766004
0.958076046516598
1.0102289862885
1.07227156619434
1.24374415430895
0.963624611054978
0.694928024976241
1.15521709549578
1.88279001495541
1.8847521662776
0.871445648872172
0.955326378848984
1.44633461919195
1.18486005814748
1.10963226259818
0.758695338061543
1.01360202899795
1.18570939402215
1.3221857079972
0.868512694821844
1.0515481700396
1.27085614016828
0.0784520075722681
0.941827636788607
1.16383519832132
0.654320335288133
0.91280856602581
0.48113671551529
1.33144373067408
0.608650669671835
1.17733378676834
1.16047395848971
1.00426328165225
0.60843786767129
0.962464109328843
0.834903686598628
1.11303077026731
0.826115757760651
1.25651416851567
1.27785848369549
0.832097688033161
0.756130585552264
0.109831770921649
0.810166773064681
1.13763652068347
0.852552263836654
1.64569006789021
1.20842094366225
1.28396166582451
0.257801143763681
1.26282367378227
1.1541311928384
1.11405802397803
0.639620252836647
0.354144617058325
0.190843487989037
0.995103051391081
1.1500913170667
0.979343194780077
0.859487870543731
0.897252843048159
0.681051493382272
0.908685899096129
0.869131952287748
1.07672300093259
1.25852424580468
1.86104971417914
1.73638966711791
1.32533384467282
0.988766414312459
1.09186664695924
0.99571653831268
1.34421448972521
1.2604866228492
0.970448191155369
0.757408570245085
0.205732774792178
1.14383972777721
0.828713411135042
1.05333015821169
0.776760033483738
1.7276704658874
0.457552335826602
1.05366457592358
0.948922237088973
1.94128556977528
1.72623920014409
1.36072027582544
1.33963927126023
1.99717867161306
1.27245588398922
0.903586279920697
1.18048179176851
1.31569829979139
1.55328876009564
0.529707288525058
1.38133585365127
1.34532118721106
1.02726075286688
0.479737491740853
1.43584900390507
1.02433952914988
0.982540095752668
1.1263254054763
0.733841183373502
1.21502806656333
0.801024514552787
0.329629324233324
1.13980068748147
0.410560771528433
0.860049202939173
0.368855811666314
1.10967295620647
1.13946906669558
0.784785644005004
0.990079171050584
0.926287179950526
0.311377526192951
1.09421359170909
0.865966769940308
1.07625387087591
1.24954180823003
1.10554395041053
1.01680477163934
0.705600920499157
0.854892437205662
0.828364888962331
1.12278370608068
1.08236912522476
0.990248420424112
1.92554200445629
0.800094426690466
1.65899274017298
1.09290184025062
1.42532772430819
1.46836829261581
0.499540657760328
0.88582447182367
1.31849118841951
1.23026377418584
1.07449233415765
0.992725443928477
1.56584314933466
0.87341435611642
0.909933094394879
0.769247379218345
1.01917118646074
0.938919191946307
1.02810744331103
1.09891913822517
1.21012487724393
2.17025313732945
0.982493395632293
1.65108050521674
0.722801696774856
1.74046181080125
0.859869857381406
1.26481334828612
1.01807709957839
1.15260492283981
1.17522208614858
0.0347531082588781
1.17267538896061
0.304670303785519
1.28236597405965
1.45257353153331
1.27381121169368
1.0284032549993
0.618548245715261
0.902764454030357
1.32331577642629
0.625202229097102
0.473812245480501
1.3071069774722
1.20598537879218
1.13093507219995
1.02511188379038
1.00049023663734
0.854495120105982
0.887910525599647
0.875030090590249
1.0366296864376
1.72315351912245
0.864439952474626
1.22605907147867
0.968141221846004
1.51802056670524
1.63570752094994
0.945291247859854
1.00836534413501
1.19407691210418
1.65530499565853
1.19239764076008
1.11182314126313
0.271884071109932
1.8054061717868
1.12223436160545
0.986742293991432
1.41441873827192
0.622927706908741
1.26489766131962
1.16710942734984
1.06170613510249
1.17946455860154
0.483418900930461
0.626980991648778
1.59906491066313
0.893635987335734
0.505332082108879
0.543397498561393
0.848890358162271
1.37278360840718
1.09922565510232
0.198248412492106
0.57515210537006
0.878496037189892
1.09074091425999
1.007001518246
1.03092545949819
0.943233030437114
0.984188164482261
0.814516324647001
0.4678478457208
0.918699816987502
1.30871058812543
0.772785312164265
1.86784403966451
0.712393208846083
1.26765594819665
1.42268503270693
1.04588465956514
1.03409750076106
0.806012325562758
1.00417861505949
0.896236085848889
0.642331642663821
0.96086455602063
0.756454313558754
0.548896449571554
2.17705917481962
1.00309525848333
0.701147602135184
0.649911828330356
0.692327706000732
0.346905565023392
0.448601165156623
1.32676245054406
1.42277388799613
1.23672795207383
1.58440466393811
1.1423790500536
1.08767411639644
0.671480811046116
0.869642480922713
1.03588678520701
1.63882565463983
1.8568173199154
1.18542514432167
0.776948922927124
1.30719743685443
1.1582565252836
0.733374823087237
0.923712729427709
1.46776558156234
1.0172277399936
0.514579801371938
1.12720663803274
1.08384670844702
1.37769767502154
1.26611953400466
1.81986725715924
1.08700344157875
1.59335524368963
0.931953868571546
0.859780002788412
1.09124367017447
0.502648639404697
0.107324407384454
1.17703841001664
1.45387400653303
1.27697193357493
0.454823529267091
0.991487067450004
0.881631239731895
0.688623804447174
1.41043763552213
0.978180536656656
1.47627076552994
1.05701119590931
0.940085325049386
1.68077322000821
1.49100176059441
0.921096437119171
1.28208168837982
0.967801405820526
1.16784214325784
1.51140095688151
0.381364702228443
0.868520482524901
0.84898099011077
1.09845850403689
1.15417811328624
0.723697416121947
1.49781883054628
1.49486900378758
-0.0640009614767183
0.981155725681671
0.76016038776011
1.19709123536816
1.42943393330555
1.15716327693025
1.32129979003518
0.286392459522617
1.48430371983061
1.36451574175951
0.853634984395645
1.14972621280898
0.879180719149952
1.00323873292001
0.965781433841601
1.140855289449
1.18937038560554
0.674198037203792
1.5032359538276
0.559232442175014
0.514481863579526
1.08000280942299
0.507795456127602
0.553928459520968
1.04340843162044
1.23921293320399
0.88680826790017
1.89164145554971
1.53665138817169
0.975562773083673
0.274875599747098
0.6197352397394
1.83076427479474
1.26646797917328
1.52600644091568
1.05494582555595
1.68991248727848
1.05062919259954
1.09725184251833
0.498820500303989
1.3895889721362
0.919382394537646
0.805212296626499
0.788222232862862
0.834784388849174
1.42311758876587
1.35293114247017
0.974117210757516
0.920920866692325
0.925376757549643
1.47071117439565
1.09929671086842
0.151455190468785
0.647358697332634
0.555207976855875
0.706716343674429
1.06844896043249
0.998150159182769
1.0700593022867
0.85848453310465
0.2127510474485
1.11976167673223
1.35618472426698
0.783917139851121
1.30688746636253
1.04931767889224
1.9574355059764
0.722514203493572
1.09996142313184
1.34146610581123
0.395346357538148
1.08824437208148
1.15023382852366
0.523526844271685
0.640272060056342
0.9256597454118
0.432807623832519
1.00942987051281
1.28100004490979
0.699109268397316
0.987345006726825
0.852347289176553
1.19528493119483
1.12242813795659
1.04519066918685
1.01428720492657
1.09167427376273
1.12485125598259
1.06750549974863
0.713274620675857
0.9276698103651
1.08134452191824
1.83834511643832
1.12960868874865
0.820856008518115
1.1832335169258
1.01739576151643
0.831745467198815
1.18747248032326
0.373694906770007
1.09697248557434
1.05575171909604
0.709421395169931
0.74025039510861
0.54053188484491
0.449948833457894
0.611914274072916
1.17201618588509
0.54750905984147
0.663741002421989
0.84430331600114
0.158911878436444
0.670921655303328
0.467815907040061
0.849926679490292
0.753205105954911
1.18055712102374
0.475249977417347
1.27286483714025
0.521755649082669
1.02535576310778
1.22260399764585
0.458250294319922
0.17375646660455
1.14503490615063
1.42147589166469
1.80682115298897
1.00468664848321
0.866216795515872
1.17246183193727
0.0403689132975322
0.826412449178651
1.24651218276163
0.417426963421921
0.84107853501205
0.951401365399322
1.04994970621403
1.07390079388518
1.32718677273378
0.944742263528596
0.793066548432928
0.725357980345633
1.13991618888184
0.655025111418068
1.13777719368151
1.07912522357362
1.05056180243434
1.02971751204046
1.07767552804222
1.57062952035449
0.868939665283861
1.26147556796052
1.11193225414103
0.840941598350197
0.387513785419392
0.773884601558001
1.15412629343464
1.1768592898141
0.938608318299014
1.3930328620442
0.974928180334913
0.742962534209406
1.25778148819906
0.903000610252044
1.1310757447904
1.85409892877279
1.29435564221751
0.974188963868247
1.16137892059996
0.993558684123987
1.12056111488844
0.587453022675106
0.933494893671927
1.3743580491133
1.16800572734575
0.792530458856559
0.897225353080207
1.00674065416783
0.976635493413242
0.665663507998209
1.1266412444997
0.784033281348922
0.944247487238482
1.11506576497296
0.123498371170157
1.22911352214722
1.09689903562226
1.00114118967386
0.850558269840602
1.11063144701049
1.23461160795228
0.378024830646881
0.296535418316121
0.62058158658036
0.986540558370389
0.774077193697319
0.296674942843097
0.684199220130731
1.58940091903623
0.72359926542013
1.03232015761966
1.32292684486132
1.52916212017025
1.35496440835389
1.10636066714784
1.03891966098654
0.897739617088633
1.35903290937306
1.02503012609118
0.63553950545927
1.48934216146347
0.91196697270859
1.46879262173709
1.13262405804261
1.13231601888622
1.06743918254715
1.44088190221294
0.532068669274958
0.909309238980893
1.00229768456904
1.15524754688966
1.1062723093331
0.916284697032819
1.15785336193931
1.44323132711252
0.85739997508606
0.778729352793706
0.837399744905544
1.14585755174853
0.636820313046721
1.2028247333613
1.3789653658369
0.894172796882308
0.936013739314227
0.428850806478853
0.915675564219278
1.23983451452566
0.957359521349886
1.19464653737172
0.570386047605497
1.21605319139508
1.08486553840595
0.497425290000884
0.528964565859067
0.174693588308871
1.36212008095627
1.59687371414869
0.936379094662759
0.957019371082818
1.0618387528452
1.07849349523643
1.04928058229962
1.65579137975022
0.745349251823103
0.977225453258749
1.3445712853446
0.430279058698119
1.12842888223884
0.545110512052989
0.907067395652943
1.05940319184731
1.32795129205552
0.955794849814765
1.70901940080372
1.83797237186696
1.00808777968958
0.134098327706634
1.48204877269355
1.10380834910037
0.939075119228732
0.511875995942754
0.842877336734149
0.988322542179536
1.02775121570557
1.68896001810712
0.942960904501484
0.842852117907877
1.4902917851533
0.909887311901387
1.24398812898926
1.3868514599179
0.917828578290827
1.00676537333144
0.822960359420322
1.1220770134641
1.37024962508343
0.378894504971045
1.20742756014125
1.13169395407379
0.140042189560226
0.959731615349017
0.978159511072425
1.5693618102567
1.12940256292082
0.599151174947486
1.20034462772479
0.723551852892209
0.918928090412074
0.813866504056252
0.824681289989041
1.17701214081734
0.947787090115184
0.909297003503286
1.08540693800885
0.751075887526205
0.784881269073417
1.36531991984905
0.284938720394807
0.954664271205145
0.833269019614657
0.0519208130611188
0.730460723036741
0.539079677955369
1.56986543885977
