0.320657810870227
0.409617743681708
0.160363278210795
0.427612442475161
0.208684349153437
0.516900910397207
0.652737909822327
0.62463757205665
0.429882685445679
0.170528644760159
0.176874766603745
0.715107978198237
0.504632984074387
0.352345673203342
0.743497235143349
0.383137667227563
0.612190027109465
0.29452922824647
0.341908679808039
0.470850043530188
0.570358852992156
0.313482302967317
0.687103897982805
0.213339489040063
0.288855254987637
0.658384537325373
0.39324001893984
0.200986019135491
0.460721698118643
0.556557333801635
0.309688497539794
0.409252040825099
0.285992574891277
0.397070296145854
0.666289243755533
0.63154140680446
0.829241907429141
0.560158858731026
0.629708930688738
0.600045558531862
0.529484817989315
0.40955714225136
0.679525757692078
0.740034050182645
0.821323073610425
0.421893977691118
0.706846771712126
0.536489749918852
0.611934462137105
0.661392184118637
0.691488244467744
1.00274836347102
0.357363403469832
0.683396728153922
0.842472988183921
0.780057634136666
0.886840070004412
0.618810063186979
0.808359406743282
0.843474129330272
1.00130256899163
0.885611105271186
1.07336130807063
0.616388130629349
0.852034784333117
0.930148454044858
0.997728562407087
0.849984046572547
0.896414884959579
1.06611643096098
0.931011888176498
1.0293489663275
1.05135467561739
1.01772395514137
1.04706112393644
1.18513160192659
1.05504784901389
1.20787424398597
1.11573885658645
1.37907698414886
1.24924724766656
1.24842187541659
1.50984590387402
1.78015091984563
1.96420674334484
