0,0.118010892801896
0.401606425702811,0.122249589489119
0.803212851405622,0.126618424087663
1.20481927710843,0.131119796173476
1.60642570281124,0.135756032894659
2.00803212851406,0.140529378924621
2.40963855421687,0.145441986015955
2.81124497991968,0.150495902177694
3.21285140562249,0.155693060503371
3.6144578313253,0.161035267682359
4.01606425702811,0.166524192232239
4.41767068273092,0.172161352495355
4.81927710843374,0.177948104448354
5.22088353413655,0.183885629379096
5.62248995983936,0.189974921491099
6.02409638554217,0.196216775501259
6.42570281124498,0.202611774302161
6.82730923694779,0.209160276765641
7.2289156626506,0.215862405769275
7.63052208835341,0.222718036532184
8.03212851405623,0.229726785350728
8.43373493975904,0.236887998828287
8.83534136546185,0.244200743696259
9.23694779116466,0.251663797325614
9.63855421686747,0.259275639029564
10.0401606425703,0.267034442258273
10.4417670682731,0.274938067785752
10.8433734939759,0.282984057987194
11.2449799196787,0.291169632301905
11.6465863453815,0.299491683972608
12.0481927710843,0.307946778146259
12.4497991967871,0.316531151414503
12.85140562249,0.325240712863656
13.2530120481928,0.334071046694476
13.6546184738956,0.343017416461245
14.0562248995984,0.352074770967689
14.4578313253012,0.361237751844268
14.859437751004,0.370500702817446
15.2610441767068,0.379857680666838
15.6626506024096,0.389302467850811
16.0642570281125,0.39882858676542
16.4658634538153,0.408429315585612
16.8674698795181,0.418097705621769
17.2690763052209,0.427826600108999
17.6706827309237,0.437608654331452
18.0722891566265,0.447436356969539
18.4738955823293,0.457302052544458
18.8755020080321,0.467197964822211
19.2771084337349,0.477116221028409
19.6787148594378,0.487048876715881
20.0803212851406,0.496987941119557
20.4819277108434,0.506925402827458
20.8835341365462,0.516853255592866
21.285140562249,0.526763524111168
21.6867469879518,0.536648289585223
22.0883534136546,0.546499714905609
22.4899598393574,0.556310069276586
22.8915662650602,0.566071752125066
23.2931726907631,0.5757773161381
23.6947791164659,0.585419489284364
24.0963855421687,0.594991195686558
24.4979919678715,0.604485575224381
24.8995983935743,0.613896001761612
25.3012048192771,0.623216099905564
25.7028112449799,0.632439760222527
26.1044176706827,0.6415611528486
26.5060240963855,0.650574739451241
26.9076305220884,0.659475283512724
27.3092369477912,0.66825785892227
27.710843373494,0.676917856878718
28.1124497991968,0.685450991120017
28.5140562248996,0.693853301509379
28.9156626506024,0.70212115602057
29.3172690763052,0.710251251176276
29.718875502008,0.718240611003832
30.1204819277108,0.726086584581634
30.5220883534137,0.73378684225733
30.9236947791165,0.741339370625347
31.3253012048193,0.74874246635643
31.7269076305221,0.755994728975739
32.1285140562249,0.76309505268866
32.5301204819277,0.770042617354914
32.9317269076305,0.776836878711863
33.3333333333333,0.783477557947216
33.7349397590361,0.78996463071966
34.136546184739,0.796298315723487
34.5381526104418,0.802479062890024
34.9397590361446,0.808507541314841
35.3413654618474,0.814384626995281
35.7429718875502,0.820111390458036
36.144578313253,0.825689084351303
36.5461847389558,0.831119131070635
36.9477911646586,0.836403110482013
37.3493975903614,0.841542747799973
37.7510040160643,0.846539901672953
38.1526104417671,0.851396552522379
38.5542168674699,0.856114791176456
38.9558232931727,0.860696807834304
39.3574297188755,0.865144881390841
39.7590361445783,0.869461369147916
40.1606425702811,0.873648696932474
40.5622489959839,0.877709349638144
40.9638554216867,0.88164586220253
41.3654618473896,0.885460811028646
41.7670682730924,0.889156805855484
42.1686746987952,0.892736482079457
42.570281124498,0.896202493525623
42.9718875502008,0.899557505664985
43.3734939759036,0.902804189271872
43.7751004016064,0.905945214513388
44.1767068273092,0.908983245461194
44.578313253012,0.911920935014353
44.9799196787149,0.914760920220733
45.3815261044177,0.917505817983434
45.7831325301205,0.92015822113784
46.1847389558233,0.922720694884281
46.5863453815261,0.925195773560799
46.9879518072289,0.927585957740198
47.3895582329317,0.929893711635375
47.7911646586345,0.932121460796884
48.1927710843374,0.934271590086725
48.5943775100402,0.936346441912521
48.995983935743,0.938348314706469
49.3975903614458,0.940279461633769
49.7991967871486,0.942142089515605
50.2008032128514,0.943938357952169
50.6024096385542,0.945670378631692
51.004016064257,0.947340214811941
51.4056224899598,0.948949880961157
51.8072289156626,0.950501342545962
52.2088353413655,0.951996515954316
52.6104417670683,0.953437268542166
53.0120481927711,0.954825418792984
53.4136546184739,0.956162736579983
53.8152610441767,0.95745094352132
54.2168674698795,0.958691713419182
54.6184738955823,0.959886672774151
55.0200803212851,0.961037401366816
55.421686746988,0.962145432899055
55.8232931726908,0.963212255687956
56.2248995983936,0.964239313405785
56.6265060240964,0.965228005859882
57.0281124497992,0.966179689806802
57.429718875502,0.967095679795437
57.8313253012048,0.96797724903425
58.2329317269076,0.968825630278134
58.6345381526104,0.969642016730768
59.0361445783133,0.970427562958688
59.4377510040161,0.97118338581359
59.8393574297189,0.971910565359721
60.2409638554217,0.972610145803461
60.6425702811245,0.973283136422489
61.0441767068273,0.973930512492172
61.4457831325301,0.974553216207039
61.8473895582329,0.975152157595435
62.2489959839357,0.975728215425638
62.6506024096386,0.976282238101929
63.0522088353414,0.976815044549255
63.4538152610442,0.977327425085317
63.855421686747,0.977820142279037
64.2570281124498,0.978293931794514
64.6586345381526,0.978749503219709
65.0602409638554,0.979187540879193
65.4618473895582,0.979608704630432
65.863453815261,0.980013630643155
66.2650602409639,0.980402932161462
66.6666666666667,0.980777200248384
67.0682730923695,0.98113700451272
67.4698795180723,0.981482893818008
67.8714859437751,0.981815396973567
68.2730923694779,0.982135023407599
68.6746987951807,0.982442263822396
69.0763052208835,0.982737590831722
69.4779116465863,0.983021459580508
69.8795180722892,0.983294308347006
70.281124497992,0.983556559127605
70.6827309236948,0.98380861820452
71.0843373493976,0.984050876696595
71.4859437751004,0.984283711093489
71.8875502008032,0.984507483773529
72.289156626506,0.984722543505519
72.6907630522088,0.984929225934822
73.0923694779116,0.985127854054033
73.4939759036145,0.985318738658585
73.8955823293173,0.9855021787876
74.2971887550201,0.985678462150361
74.6987951807229,0.985847865538721
75.1004016064257,0.986010655225822
75.5020080321285,0.986167087351453
75.9036144578313,0.986317408294418
76.3052208835341,0.986461855032249
76.7068273092369,0.986600655488613
77.1084337349398,0.986734028868767
77.5100401606426,0.986862185983393
77.9116465863454,0.986985329561156
78.3132530120482,0.987103654550314
78.714859437751,0.987217348409716
79.1164658634538,0.987326591389504
79.5180722891566,0.98743155680184
79.9196787148594,0.987532411281968
80.3212851405623,0.987629315039916
80.7228915662651,0.98772242210314
81.1244979919679,0.987811880550404
81.5261044176707,0.987897832737167
81.9277108433735,0.987980415512779
82.3293172690763,0.98805976042974
82.7309236947791,0.988135993945293
83.1325301204819,0.988209237615617
83.5341365461847,0.988279608282848
83.9357429718875,0.988347218255211
84.3373493975904,0.988412175480456
84.7389558232932,0.988474583712869
85.140562248996,0.988534542674053
85.5421686746988,0.988592148207712
85.9437751004016,0.988647492428649
86.3453815261044,0.988700663866173
86.7469879518072,0.988751747602125
87.14859437751,0.988800825403705
87.5502008032128,0.988847975851294
87.9518072289157,0.988893274461449
88.3534136546185,0.988936793805241
88.7550200803213,0.988978603622114
89.1566265060241,0.989018770929415
89.5582329317269,0.989057360127773
89.9598393574297,0.989094433102448
90.3614457831325,0.98913004932084
90.7630522088353,0.989164265926253
91.1646586345382,0.989197137828096
91.566265060241,0.989228717788618
91.9678714859438,0.98925905650633
92.3694779116466,0.989288202696223
92.7710843373494,0.989316203166908
93.1726907630522,0.989343102894793
93.574297188755,0.989368945095404
93.9759036144578,0.989393771291963
94.3775100401606,0.989417621381324
94.7791164658635,0.989440533697359
95.1807228915663,0.989462545071908
95.5823293172691,0.989483690893365
95.9839357429719,0.989504005163007
96.3855421686747,0.989523520549136
96.7871485943775,0.989542268439132
97.1887550200803,0.989560278989485
97.5903614457831,0.989577581173888
97.9919678714859,0.989594202829468
98.3935742971888,0.989610170701218
98.7951807228916,0.989625510484706
99.1967871485944,0.989640246867125
99.5983935742972,0.989654403566746
100,0.989668003370838
